Best tour: 7 Run: 45 Fit: 2029 Time: 981
0, 93, 96, 56, 12, 94, 92, 60, 44, 46, 48, 9, 45, 78, 2, 25, 79, 26, 83, 17, 87, 10, 16, 81, 18, 31, 68, 39, 52, 42, 22, 55, 20, 67, 69, 29, 61, 47, 35, 34, 19, 62, 27, 38, 23, 24, 54, 71, 86, 97, 84, 85, 95, 41, 72, 73, 40, 66, 21, 74, 57, 5, 37, 91, 30, 100, 28, 15, 4, 51, 58, 53, 8, 64, 33, 59, 88, 6, 63, 89, 11, 75, 49, 32, 65, 50, 70, 3, 13, 90, 1, 14, 7, 82, 36, 99, 43, 76, 77, 80, 98, 0, 
Best tour: 7 Run: 50 Fit: 2010 Time: 1096
0, 93, 96, 56, 12, 94, 92, 60, 44, 46, 48, 9, 45, 78, 2, 25, 79, 26, 83, 17, 87, 10, 16, 81, 18, 31, 68, 28, 52, 42, 22, 55, 20, 67, 69, 29, 61, 47, 35, 34, 19, 62, 27, 38, 23, 24, 54, 71, 86, 97, 84, 85, 95, 41, 72, 73, 40, 66, 21, 74, 57, 5, 37, 91, 30, 100, 39, 15, 4, 51, 58, 53, 8, 64, 33, 59, 88, 6, 63, 89, 11, 75, 49, 32, 65, 50, 70, 3, 13, 90, 1, 14, 7, 82, 36, 99, 43, 76, 77, 80, 98, 0, 
Best tour: 7 Run: 54 Fit: 2008 Time: 1183
0, 93, 96, 56, 12, 94, 92, 60, 44, 46, 48, 9, 45, 78, 2, 25, 79, 26, 83, 17, 87, 10, 16, 81, 18, 31, 68, 28, 52, 42, 22, 55, 20, 67, 69, 29, 61, 47, 35, 34, 19, 62, 27, 38, 23, 24, 54, 71, 86, 97, 84, 85, 95, 41, 72, 73, 40, 66, 21, 74, 57, 5, 58, 91, 30, 100, 39, 15, 4, 51, 37, 53, 8, 64, 33, 59, 88, 6, 63, 89, 11, 75, 49, 32, 65, 50, 70, 3, 13, 90, 1, 14, 7, 82, 36, 99, 43, 76, 77, 80, 98, 0, 
Best tour: 7 Run: 60 Fit: 2005 Time: 1312
0, 93, 96, 56, 12, 94, 92, 60, 44, 46, 48, 9, 45, 78, 2, 25, 79, 26, 83, 17, 87, 10, 16, 81, 18, 31, 68, 28, 52, 42, 37, 55, 20, 67, 69, 29, 61, 47, 35, 34, 19, 62, 27, 38, 23, 24, 54, 71, 86, 97, 84, 85, 95, 41, 72, 73, 40, 66, 21, 74, 57, 5, 58, 91, 30, 100, 39, 15, 4, 51, 22, 53, 8, 64, 33, 59, 88, 6, 63, 89, 11, 75, 49, 32, 65, 50, 70, 3, 13, 90, 1, 14, 7, 82, 36, 99, 43, 76, 77, 80, 98, 0, 
Best tour: 6 Run: 62 Fit: 2004 Time: 1356
0, 66, 12, 58, 42, 96, 53, 71, 56, 13, 60, 83, 46, 95, 98, 14, 41, 97, 84, 82, 93, 70, 65, 8, 63, 33, 2, 25, 75, 49, 50, 32, 76, 79, 27, 52, 73, 20, 39, 74, 22, 31, 48, 29, 7, 87, 99, 85, 15, 90, 38, 72, 40, 57, 86, 21, 1, 88, 5, 91, 43, 4, 16, 6, 26, 94, 47, 9, 10, 35, 37, 55, 36, 92, 78, 80, 54, 3, 23, 28, 68, 11, 67, 19, 89, 69, 64, 34, 77, 24, 59, 51, 18, 45, 44, 61, 62, 81, 17, 30, 100, 0, 
Best tour: 6 Run: 63 Fit: 2000 Time: 1378
0, 66, 12, 58, 42, 96, 53, 71, 56, 13, 60, 83, 46, 95, 98, 14, 41, 97, 84, 82, 93, 70, 65, 8, 63, 33, 2, 25, 75, 49, 50, 78, 76, 79, 27, 52, 73, 20, 39, 74, 22, 31, 48, 29, 7, 87, 99, 85, 15, 90, 38, 72, 40, 57, 86, 21, 1, 55, 5, 91, 43, 4, 16, 6, 26, 94, 47, 9, 10, 35, 37, 88, 36, 92, 32, 80, 54, 3, 23, 28, 68, 11, 67, 19, 89, 69, 64, 34, 77, 24, 59, 51, 18, 45, 44, 61, 62, 81, 17, 30, 100, 0, 
Best tour: 6 Run: 64 Fit: 1991 Time: 1399
0, 66, 12, 58, 42, 96, 53, 71, 56, 13, 60, 83, 46, 95, 98, 14, 41, 97, 84, 82, 93, 70, 65, 8, 63, 33, 2, 25, 75, 49, 50, 78, 76, 79, 27, 52, 73, 20, 39, 74, 22, 31, 48, 29, 7, 87, 99, 85, 15, 90, 38, 72, 40, 57, 86, 21, 1, 55, 5, 91, 43, 4, 16, 6, 47, 94, 26, 9, 10, 35, 37, 88, 36, 92, 32, 80, 54, 3, 23, 28, 68, 11, 67, 19, 89, 69, 64, 34, 77, 24, 59, 51, 18, 45, 44, 61, 62, 81, 17, 30, 100, 0, 
Best tour: 6 Run: 68 Fit: 1969 Time: 1486
0, 66, 12, 58, 42, 96, 53, 71, 56, 13, 60, 83, 46, 95, 98, 14, 41, 97, 84, 82, 93, 70, 65, 8, 63, 33, 2, 25, 75, 49, 50, 78, 76, 79, 27, 52, 73, 20, 39, 74, 22, 31, 48, 29, 7, 87, 99, 85, 15, 37, 38, 72, 40, 57, 86, 21, 1, 55, 5, 91, 43, 4, 16, 6, 47, 94, 26, 9, 10, 44, 90, 88, 36, 92, 32, 80, 54, 3, 23, 28, 68, 11, 67, 19, 89, 69, 64, 34, 77, 24, 59, 51, 18, 45, 35, 61, 62, 81, 17, 30, 100, 0, 
Best tour: 6 Run: 70 Fit: 1960 Time: 1530
0, 66, 12, 58, 42, 96, 53, 71, 56, 13, 60, 83, 46, 95, 98, 14, 41, 97, 84, 82, 93, 70, 65, 8, 63, 33, 2, 25, 75, 49, 50, 78, 76, 79, 27, 52, 73, 20, 39, 74, 22, 31, 48, 9, 7, 87, 99, 85, 15, 37, 38, 72, 40, 57, 86, 21, 1, 55, 5, 91, 43, 4, 16, 6, 47, 94, 26, 29, 10, 44, 90, 88, 36, 92, 32, 80, 54, 3, 23, 28, 68, 11, 67, 19, 89, 69, 64, 34, 77, 24, 59, 51, 18, 45, 35, 61, 62, 81, 17, 30, 100, 0, 
Best tour: 6 Run: 71 Fit: 1952 Time: 1551
0, 66, 12, 58, 42, 96, 53, 71, 56, 13, 60, 83, 46, 95, 98, 14, 41, 97, 84, 82, 93, 70, 65, 8, 63, 33, 24, 25, 75, 49, 50, 78, 76, 79, 27, 52, 73, 20, 39, 74, 22, 31, 48, 9, 7, 87, 99, 85, 15, 37, 38, 72, 40, 57, 86, 21, 1, 55, 5, 91, 43, 4, 16, 6, 47, 94, 26, 29, 10, 44, 90, 88, 36, 92, 32, 80, 54, 3, 23, 28, 68, 11, 67, 19, 89, 69, 64, 34, 77, 2, 59, 51, 18, 45, 35, 61, 62, 81, 17, 30, 100, 0, 
Best tour: 6 Run: 77 Fit: 1947 Time: 1682
0, 66, 12, 58, 42, 96, 53, 71, 56, 13, 60, 83, 46, 95, 98, 14, 41, 97, 84, 82, 93, 70, 65, 8, 50, 33, 24, 25, 75, 49, 63, 78, 76, 79, 27, 52, 73, 20, 39, 74, 22, 31, 48, 9, 7, 87, 99, 85, 15, 37, 38, 72, 40, 57, 86, 21, 1, 55, 5, 91, 43, 4, 16, 6, 47, 94, 26, 29, 10, 44, 90, 88, 36, 92, 32, 80, 54, 3, 23, 28, 68, 11, 67, 19, 89, 69, 64, 34, 77, 2, 59, 51, 18, 45, 35, 61, 62, 81, 17, 30, 100, 0, 
Best tour: 6 Run: 79 Fit: 1926 Time: 1725
0, 66, 12, 58, 42, 96, 53, 71, 56, 13, 60, 83, 46, 95, 98, 14, 41, 97, 84, 82, 93, 70, 65, 8, 50, 33, 24, 25, 75, 49, 63, 78, 76, 79, 27, 52, 73, 20, 39, 74, 22, 31, 48, 35, 7, 87, 99, 85, 15, 37, 38, 72, 40, 57, 86, 21, 1, 55, 5, 91, 43, 4, 16, 6, 47, 94, 26, 29, 10, 44, 90, 88, 36, 92, 32, 80, 54, 3, 23, 28, 68, 11, 67, 19, 89, 69, 64, 34, 77, 2, 59, 51, 18, 45, 9, 61, 62, 81, 17, 30, 100, 0, 
Best tour: 6 Run: 80 Fit: 1904 Time: 1748
0, 66, 12, 58, 42, 96, 53, 71, 56, 13, 60, 83, 46, 95, 98, 14, 41, 97, 84, 82, 93, 70, 65, 8, 50, 33, 24, 25, 75, 49, 63, 78, 76, 79, 27, 52, 73, 20, 39, 74, 22, 31, 48, 35, 18, 87, 99, 85, 15, 37, 38, 72, 40, 57, 86, 21, 1, 55, 5, 91, 43, 4, 16, 6, 47, 94, 26, 29, 10, 44, 90, 88, 36, 92, 32, 80, 54, 3, 23, 28, 68, 11, 67, 19, 89, 69, 64, 34, 77, 2, 59, 51, 7, 45, 9, 61, 62, 81, 17, 30, 100, 0, 
Best tour: 6 Run: 87 Fit: 1899 Time: 1899
0, 66, 12, 58, 42, 96, 53, 71, 56, 13, 60, 83, 46, 95, 98, 14, 41, 97, 84, 59, 93, 70, 65, 8, 50, 33, 24, 25, 75, 49, 63, 78, 76, 79, 27, 52, 73, 20, 39, 74, 22, 31, 48, 35, 18, 87, 99, 85, 15, 37, 38, 72, 40, 57, 86, 21, 1, 55, 5, 91, 43, 4, 16, 6, 47, 94, 26, 29, 10, 44, 90, 88, 36, 92, 32, 80, 54, 3, 23, 28, 68, 11, 67, 19, 89, 69, 64, 34, 77, 2, 82, 51, 7, 45, 9, 61, 62, 81, 17, 30, 100, 0, 
Best tour: 6 Run: 96 Fit: 1893 Time: 2094
0, 66, 12, 58, 42, 96, 53, 71, 56, 13, 60, 83, 46, 95, 98, 14, 41, 97, 84, 59, 93, 50, 65, 8, 70, 33, 24, 25, 75, 49, 63, 78, 76, 79, 27, 52, 73, 20, 39, 74, 22, 31, 48, 35, 18, 87, 99, 85, 15, 37, 38, 72, 40, 57, 86, 21, 1, 55, 5, 91, 43, 4, 16, 6, 47, 94, 26, 29, 10, 44, 90, 88, 36, 92, 32, 80, 54, 3, 23, 28, 68, 11, 67, 19, 89, 69, 64, 34, 77, 2, 82, 51, 7, 45, 9, 61, 62, 81, 17, 30, 100, 0, 
Best tour: 6 Run: 101 Fit: 1869 Time: 2202
0, 66, 12, 58, 98, 96, 53, 71, 56, 13, 60, 83, 46, 95, 42, 14, 41, 97, 84, 59, 93, 50, 65, 8, 70, 33, 24, 25, 75, 49, 63, 78, 76, 79, 27, 52, 73, 20, 39, 74, 22, 31, 48, 35, 18, 87, 99, 85, 15, 37, 38, 72, 40, 57, 86, 21, 1, 55, 5, 91, 43, 4, 16, 6, 47, 94, 26, 29, 10, 44, 90, 88, 36, 92, 32, 80, 54, 3, 23, 28, 68, 11, 67, 19, 89, 69, 64, 34, 77, 2, 82, 51, 7, 45, 9, 61, 62, 81, 17, 30, 100, 0, 
Best tour: 0 Run: 105 Fit: 1865 Time: 2291
0, 54, 74, 88, 30, 48, 10, 29, 9, 46, 45, 82, 44, 68, 25, 38, 24, 72, 39, 55, 73, 71, 76, 52, 5, 94, 95, 93, 4, 97, 41, 42, 90, 12, 57, 36, 91, 26, 37, 13, 92, 98, 83, 17, 85, 15, 14, 56, 1, 79, 19, 31, 28, 67, 75, 59, 58, 20, 60, 51, 50, 69, 27, 22, 3, 6, 65, 78, 61, 89, 87, 62, 64, 63, 18, 43, 99, 96, 84, 86, 40, 21, 16, 7, 35, 47, 81, 49, 2, 80, 8, 34, 70, 32, 66, 23, 53, 77, 33, 100, 11, 0, 
Best tour: 0 Run: 108 Fit: 1864 Time: 2357
0, 54, 74, 88, 30, 48, 10, 29, 9, 46, 45, 82, 44, 68, 25, 38, 24, 72, 39, 55, 73, 71, 76, 52, 5, 94, 95, 93, 4, 97, 41, 42, 90, 12, 57, 36, 91, 26, 37, 13, 92, 98, 83, 17, 15, 85, 14, 56, 1, 79, 19, 31, 28, 67, 75, 59, 58, 20, 60, 51, 50, 69, 27, 22, 3, 6, 65, 78, 61, 89, 87, 62, 64, 63, 18, 43, 99, 96, 84, 86, 40, 21, 16, 7, 35, 47, 81, 49, 2, 80, 8, 34, 70, 32, 66, 23, 53, 77, 33, 100, 11, 0, 
Best tour: 0 Run: 111 Fit: 1854 Time: 2424
0, 54, 74, 88, 30, 48, 10, 29, 9, 46, 45, 82, 44, 68, 25, 38, 24, 76, 39, 55, 73, 71, 72, 52, 5, 94, 95, 93, 4, 97, 41, 42, 90, 12, 57, 36, 91, 26, 37, 13, 92, 98, 83, 17, 15, 85, 14, 56, 1, 79, 19, 31, 28, 67, 75, 59, 58, 20, 60, 51, 50, 69, 27, 22, 3, 6, 65, 78, 61, 89, 87, 62, 64, 63, 18, 43, 99, 96, 84, 86, 40, 21, 16, 7, 35, 47, 81, 49, 2, 80, 8, 34, 70, 32, 66, 23, 53, 77, 33, 100, 11, 0, 
Best tour: 0 Run: 112 Fit: 1850 Time: 2446
0, 54, 74, 88, 30, 48, 10, 29, 9, 46, 45, 82, 44, 68, 25, 38, 24, 76, 39, 55, 73, 71, 72, 52, 5, 94, 95, 93, 4, 97, 41, 42, 90, 12, 57, 36, 91, 26, 37, 13, 92, 98, 83, 17, 15, 85, 14, 56, 1, 79, 19, 31, 77, 67, 75, 59, 58, 20, 60, 51, 50, 69, 27, 22, 3, 6, 65, 78, 61, 89, 87, 62, 64, 63, 18, 43, 99, 96, 84, 86, 40, 21, 16, 7, 35, 47, 81, 49, 2, 80, 8, 34, 70, 32, 66, 23, 53, 28, 33, 100, 11, 0, 
Best tour: 0 Run: 113 Fit: 1839 Time: 2467
0, 54, 74, 88, 30, 48, 10, 29, 9, 46, 45, 82, 44, 68, 25, 38, 24, 76, 39, 55, 73, 71, 72, 52, 5, 94, 95, 93, 58, 97, 41, 42, 90, 12, 57, 36, 91, 26, 37, 13, 92, 98, 83, 17, 15, 85, 14, 56, 1, 79, 19, 31, 77, 67, 75, 59, 4, 20, 60, 51, 50, 69, 27, 22, 3, 6, 65, 78, 61, 89, 87, 62, 64, 63, 18, 43, 99, 96, 84, 86, 40, 21, 16, 7, 35, 47, 81, 49, 2, 80, 8, 34, 70, 32, 66, 23, 53, 28, 33, 100, 11, 0, 
Best tour: 0 Run: 117 Fit: 1829 Time: 2553
0, 54, 74, 88, 30, 48, 10, 29, 9, 46, 45, 82, 44, 68, 25, 38, 24, 76, 39, 55, 73, 71, 72, 52, 5, 94, 95, 93, 58, 97, 41, 42, 90, 12, 57, 36, 91, 26, 37, 13, 92, 98, 83, 17, 15, 85, 14, 56, 1, 79, 19, 31, 77, 67, 75, 59, 4, 20, 60, 51, 50, 69, 27, 22, 3, 6, 32, 78, 61, 89, 87, 62, 64, 63, 18, 43, 99, 96, 84, 86, 40, 21, 16, 7, 35, 47, 81, 49, 2, 80, 8, 34, 70, 65, 66, 23, 53, 28, 33, 100, 11, 0, 
Best tour: 0 Run: 118 Fit: 1824 Time: 2575
0, 54, 74, 88, 30, 48, 10, 29, 9, 46, 45, 82, 44, 68, 25, 38, 24, 76, 39, 55, 73, 71, 72, 52, 5, 94, 95, 93, 58, 97, 41, 42, 90, 12, 57, 36, 91, 26, 37, 13, 92, 98, 83, 17, 15, 85, 14, 56, 1, 79, 19, 31, 77, 67, 75, 59, 4, 99, 60, 51, 50, 69, 27, 22, 3, 6, 32, 78, 61, 89, 87, 62, 64, 63, 18, 43, 20, 96, 84, 86, 40, 21, 16, 7, 35, 47, 81, 49, 2, 80, 8, 34, 70, 65, 66, 23, 53, 28, 33, 100, 11, 0, 
Best tour: 0 Run: 119 Fit: 1821 Time: 2596
0, 54, 74, 88, 30, 48, 10, 29, 9, 46, 45, 82, 44, 68, 25, 38, 24, 76, 39, 55, 73, 71, 72, 52, 5, 94, 95, 93, 58, 97, 41, 42, 90, 12, 57, 36, 91, 26, 37, 13, 92, 98, 83, 17, 15, 85, 14, 56, 1, 79, 19, 31, 77, 67, 75, 59, 4, 99, 60, 51, 50, 69, 27, 22, 3, 6, 32, 78, 61, 89, 87, 62, 64, 63, 18, 84, 20, 96, 43, 86, 40, 21, 16, 7, 35, 47, 81, 49, 2, 80, 8, 34, 70, 65, 66, 23, 53, 28, 33, 100, 11, 0, 
Best tour: 0 Run: 122 Fit: 1813 Time: 2662
0, 54, 74, 88, 30, 48, 10, 29, 9, 46, 45, 82, 44, 68, 25, 38, 24, 76, 39, 55, 73, 71, 72, 52, 5, 94, 95, 93, 58, 97, 41, 42, 90, 12, 57, 36, 91, 26, 37, 13, 92, 98, 83, 17, 15, 85, 14, 56, 1, 79, 19, 31, 77, 67, 75, 59, 4, 99, 60, 51, 50, 69, 27, 22, 3, 6, 32, 78, 87, 89, 61, 62, 64, 63, 18, 84, 20, 96, 43, 86, 40, 21, 16, 7, 35, 47, 81, 49, 2, 80, 8, 34, 70, 65, 66, 23, 53, 28, 33, 100, 11, 0, 
Best tour: 0 Run: 128 Fit: 1803 Time: 2792
0, 54, 74, 88, 30, 48, 10, 29, 9, 46, 45, 82, 44, 68, 25, 38, 24, 76, 39, 55, 73, 71, 72, 52, 5, 94, 95, 93, 58, 97, 41, 42, 90, 43, 20, 36, 91, 26, 37, 13, 92, 98, 83, 17, 15, 85, 14, 56, 1, 79, 19, 31, 77, 67, 75, 59, 4, 99, 60, 51, 50, 69, 27, 22, 3, 6, 32, 78, 87, 89, 61, 62, 64, 63, 18, 84, 57, 96, 12, 86, 40, 21, 16, 7, 35, 47, 81, 49, 2, 80, 8, 34, 70, 65, 66, 23, 53, 28, 33, 100, 11, 0, 
Best tour: 0 Run: 131 Fit: 1799 Time: 2859
0, 54, 74, 88, 30, 48, 10, 29, 9, 46, 45, 82, 44, 68, 25, 38, 24, 76, 39, 55, 73, 71, 72, 52, 5, 94, 95, 93, 58, 97, 41, 42, 90, 43, 20, 36, 91, 26, 37, 13, 84, 98, 83, 17, 15, 85, 14, 56, 1, 79, 19, 31, 77, 67, 75, 59, 4, 99, 60, 51, 50, 69, 27, 22, 3, 6, 32, 78, 87, 89, 61, 62, 64, 63, 18, 92, 57, 96, 12, 86, 40, 21, 16, 7, 35, 47, 81, 49, 2, 80, 8, 34, 70, 65, 66, 23, 53, 28, 33, 100, 11, 0, 
Best tour: 0 Run: 134 Fit: 1796 Time: 2925
0, 54, 74, 88, 30, 48, 10, 29, 9, 46, 45, 82, 44, 68, 25, 38, 24, 76, 39, 55, 73, 71, 72, 52, 5, 94, 95, 93, 58, 97, 41, 42, 90, 43, 36, 20, 91, 26, 37, 13, 84, 98, 83, 17, 15, 85, 14, 56, 1, 79, 19, 31, 77, 67, 75, 59, 4, 99, 60, 51, 50, 69, 27, 22, 3, 6, 32, 78, 87, 89, 61, 62, 64, 63, 18, 92, 57, 96, 12, 86, 40, 21, 16, 7, 35, 47, 81, 49, 2, 80, 8, 34, 70, 65, 66, 23, 53, 28, 33, 100, 11, 0, 
Best tour: 0 Run: 139 Fit: 1793 Time: 3033
0, 54, 74, 88, 30, 48, 10, 29, 9, 46, 45, 82, 44, 68, 25, 38, 24, 76, 39, 55, 73, 71, 72, 52, 5, 94, 95, 93, 58, 97, 41, 42, 90, 43, 36, 20, 51, 26, 37, 13, 84, 98, 83, 17, 15, 85, 14, 56, 1, 79, 19, 31, 77, 67, 75, 59, 4, 99, 60, 91, 50, 69, 27, 22, 3, 6, 32, 78, 87, 89, 61, 62, 64, 63, 18, 92, 57, 96, 12, 86, 40, 21, 16, 7, 35, 47, 81, 49, 2, 80, 8, 34, 70, 65, 66, 23, 53, 28, 33, 100, 11, 0, 
Best tour: 0 Run: 140 Fit: 1779 Time: 3055
0, 54, 74, 88, 30, 48, 10, 29, 9, 46, 45, 82, 44, 68, 25, 38, 24, 76, 39, 55, 73, 71, 72, 52, 57, 94, 95, 93, 58, 97, 41, 42, 90, 43, 36, 20, 51, 26, 37, 13, 84, 98, 83, 17, 15, 85, 14, 56, 1, 79, 19, 31, 77, 67, 75, 59, 4, 99, 60, 91, 50, 69, 27, 22, 3, 6, 32, 78, 87, 89, 61, 62, 64, 63, 18, 92, 5, 96, 12, 86, 40, 21, 16, 7, 35, 47, 81, 49, 2, 80, 8, 34, 70, 65, 66, 23, 53, 28, 33, 100, 11, 0, 
Best tour: 0 Run: 144 Fit: 1766 Time: 3142
0, 54, 74, 88, 30, 48, 10, 29, 9, 46, 45, 82, 44, 68, 25, 38, 24, 76, 39, 55, 73, 71, 72, 52, 57, 94, 95, 93, 58, 97, 41, 42, 90, 43, 36, 20, 51, 91, 37, 13, 84, 98, 83, 17, 15, 85, 14, 56, 1, 79, 19, 31, 77, 67, 75, 59, 4, 99, 60, 26, 50, 69, 27, 22, 3, 6, 32, 78, 87, 89, 61, 62, 64, 63, 18, 92, 5, 96, 12, 86, 40, 21, 16, 7, 35, 47, 81, 49, 2, 80, 8, 34, 70, 65, 66, 23, 53, 28, 33, 100, 11, 0, 
Best tour: 0 Run: 150 Fit: 1762 Time: 3272
0, 54, 74, 88, 30, 48, 10, 29, 9, 46, 45, 82, 44, 68, 25, 38, 24, 76, 39, 55, 73, 71, 72, 52, 57, 94, 95, 93, 58, 97, 41, 42, 90, 43, 37, 20, 51, 91, 36, 13, 84, 98, 83, 17, 15, 85, 14, 56, 1, 79, 19, 31, 77, 67, 75, 59, 4, 99, 60, 26, 50, 69, 27, 22, 3, 6, 32, 78, 87, 89, 61, 62, 64, 63, 18, 92, 5, 96, 12, 86, 40, 21, 16, 7, 35, 47, 81, 49, 2, 80, 8, 34, 70, 65, 66, 23, 53, 28, 33, 100, 11, 0, 
Best tour: 16 Run: 171 Fit: 1749 Time: 3729
0, 63, 61, 69, 31, 27, 76, 25, 39, 34, 65, 19, 62, 18, 46, 47, 12, 92, 13, 43, 36, 96, 99, 97, 85, 37, 16, 1, 21, 56, 41, 42, 14, 38, 55, 53, 54, 50, 26, 98, 5, 93, 51, 95, 82, 6, 7, 44, 29, 67, 11, 24, 22, 94, 58, 32, 8, 89, 9, 30, 2, 80, 20, 3, 52, 71, 40, 72, 75, 57, 73, 74, 66, 70, 64, 28, 23, 4, 81, 45, 35, 48, 10, 87, 60, 90, 15, 83, 59, 88, 49, 78, 79, 77, 33, 17, 91, 84, 68, 100, 86, 0, 
Best tour: 16 Run: 174 Fit: 1744 Time: 3794
0, 63, 61, 69, 31, 27, 76, 25, 39, 34, 65, 19, 62, 18, 46, 47, 12, 92, 13, 43, 36, 96, 99, 84, 85, 37, 16, 1, 21, 56, 41, 42, 14, 38, 55, 53, 54, 50, 26, 98, 5, 93, 51, 95, 82, 6, 7, 44, 29, 67, 11, 24, 22, 94, 58, 32, 8, 89, 9, 30, 2, 80, 20, 3, 52, 71, 40, 72, 75, 57, 73, 74, 66, 70, 64, 28, 23, 4, 81, 45, 35, 48, 10, 87, 60, 90, 15, 83, 59, 88, 49, 78, 79, 77, 33, 17, 91, 97, 68, 100, 86, 0, 
Best tour: 16 Run: 184 Fit: 1735 Time: 4011
0, 63, 61, 69, 31, 27, 76, 25, 39, 34, 65, 19, 62, 18, 46, 47, 12, 92, 13, 43, 36, 96, 99, 84, 85, 37, 16, 1, 21, 56, 41, 42, 14, 38, 55, 53, 54, 23, 26, 98, 5, 93, 51, 95, 82, 6, 7, 44, 29, 67, 11, 24, 22, 94, 58, 32, 8, 89, 9, 30, 2, 80, 20, 3, 52, 71, 40, 72, 75, 57, 73, 74, 66, 70, 64, 28, 50, 4, 81, 45, 35, 48, 10, 87, 60, 90, 15, 83, 59, 88, 49, 78, 79, 77, 33, 17, 91, 97, 68, 100, 86, 0, 
Best tour: 16 Run: 201 Fit: 1729 Time: 4385
0, 63, 61, 69, 31, 27, 76, 25, 26, 34, 65, 19, 62, 18, 46, 47, 12, 92, 13, 43, 36, 96, 99, 84, 85, 37, 16, 1, 21, 56, 41, 42, 14, 38, 55, 53, 54, 23, 39, 98, 5, 93, 51, 95, 82, 6, 7, 44, 29, 67, 11, 24, 22, 94, 58, 32, 8, 89, 9, 30, 2, 80, 20, 3, 52, 71, 40, 72, 75, 57, 73, 74, 66, 70, 64, 28, 50, 4, 81, 45, 35, 48, 10, 87, 60, 90, 15, 83, 59, 88, 49, 78, 79, 77, 33, 17, 91, 97, 68, 100, 86, 0, 
Best tour: 0 Run: 204 Fit: 1725 Time: 4451
0, 54, 74, 88, 30, 48, 10, 29, 89, 46, 45, 82, 44, 68, 22, 38, 24, 76, 66, 55, 73, 71, 72, 52, 57, 94, 5, 93, 58, 97, 41, 42, 90, 43, 37, 20, 51, 91, 36, 13, 84, 98, 83, 17, 15, 85, 14, 56, 1, 79, 19, 31, 77, 67, 75, 59, 4, 99, 60, 26, 50, 69, 27, 25, 3, 6, 32, 78, 87, 9, 61, 62, 64, 63, 18, 92, 95, 96, 12, 86, 40, 21, 16, 7, 35, 47, 81, 49, 2, 80, 8, 34, 70, 65, 39, 23, 53, 28, 33, 100, 11, 0, 
Best tour: 0 Run: 206 Fit: 1686 Time: 4494
0, 54, 74, 88, 30, 48, 10, 29, 89, 46, 45, 82, 44, 68, 22, 38, 24, 39, 66, 55, 73, 71, 72, 52, 57, 94, 5, 93, 58, 97, 41, 42, 90, 43, 37, 20, 51, 91, 36, 13, 84, 98, 83, 17, 15, 85, 14, 56, 1, 79, 19, 31, 77, 67, 75, 59, 4, 99, 60, 26, 50, 69, 27, 25, 3, 6, 32, 78, 87, 9, 61, 62, 64, 63, 18, 92, 95, 96, 12, 86, 40, 21, 16, 7, 35, 47, 81, 49, 2, 80, 8, 34, 70, 65, 76, 23, 53, 28, 33, 100, 11, 0, 
Best tour: 0 Run: 209 Fit: 1685 Time: 4559
0, 54, 74, 88, 30, 48, 10, 29, 89, 46, 45, 82, 44, 68, 22, 38, 24, 39, 66, 55, 73, 71, 72, 52, 57, 94, 5, 93, 58, 97, 41, 42, 90, 43, 37, 20, 51, 91, 36, 13, 84, 98, 83, 17, 15, 85, 14, 56, 1, 79, 19, 31, 77, 67, 75, 59, 4, 99, 60, 26, 50, 69, 27, 25, 3, 6, 32, 2, 87, 9, 61, 62, 64, 63, 18, 92, 95, 96, 12, 86, 40, 21, 16, 7, 35, 47, 81, 49, 78, 80, 8, 34, 70, 65, 76, 23, 53, 28, 33, 100, 11, 0, 
Best tour: 0 Run: 211 Fit: 1675 Time: 4602
0, 54, 74, 88, 30, 48, 10, 29, 61, 46, 45, 82, 44, 68, 22, 38, 24, 39, 66, 55, 73, 71, 72, 52, 57, 94, 5, 93, 58, 97, 41, 42, 90, 43, 37, 20, 51, 91, 36, 13, 84, 98, 83, 17, 15, 85, 14, 56, 1, 79, 19, 31, 77, 67, 75, 59, 4, 99, 60, 26, 50, 69, 27, 25, 3, 6, 32, 2, 87, 9, 89, 62, 64, 63, 18, 92, 95, 96, 12, 86, 40, 21, 16, 7, 35, 47, 81, 49, 78, 80, 8, 34, 70, 65, 76, 23, 53, 28, 33, 100, 11, 0, 
Best tour: 16 Run: 221 Fit: 1668 Time: 4819
0, 63, 61, 69, 31, 29, 76, 25, 26, 34, 65, 19, 62, 18, 46, 47, 12, 92, 13, 43, 36, 96, 99, 84, 85, 37, 16, 1, 21, 56, 41, 42, 14, 38, 55, 53, 54, 23, 39, 98, 5, 93, 51, 95, 82, 6, 7, 44, 27, 67, 11, 24, 22, 94, 58, 32, 8, 89, 9, 30, 2, 79, 20, 3, 52, 71, 40, 72, 75, 57, 73, 74, 66, 70, 64, 28, 50, 4, 81, 45, 35, 48, 10, 87, 60, 90, 15, 83, 59, 88, 49, 78, 80, 77, 33, 17, 91, 97, 68, 100, 86, 0, 
Best tour: 16 Run: 224 Fit: 1665 Time: 4885
0, 63, 61, 69, 31, 29, 76, 25, 26, 34, 65, 19, 62, 18, 46, 47, 12, 92, 84, 43, 36, 96, 99, 13, 85, 37, 16, 1, 21, 56, 41, 42, 14, 38, 55, 53, 54, 23, 39, 98, 5, 93, 51, 95, 82, 6, 7, 44, 27, 67, 11, 24, 22, 94, 58, 32, 8, 89, 9, 30, 2, 79, 20, 3, 52, 71, 40, 72, 75, 57, 73, 74, 66, 70, 64, 28, 50, 4, 81, 45, 35, 48, 10, 87, 60, 90, 15, 83, 59, 88, 49, 78, 80, 77, 33, 17, 91, 97, 68, 100, 86, 0, 
Best tour: 0 Run: 233 Fit: 1655 Time: 5078
0, 54, 74, 88, 30, 48, 10, 29, 61, 46, 45, 82, 44, 59, 22, 38, 24, 39, 66, 55, 73, 71, 72, 52, 57, 94, 5, 93, 58, 97, 41, 42, 90, 43, 37, 20, 51, 91, 36, 13, 60, 98, 83, 17, 15, 85, 14, 56, 1, 79, 19, 31, 77, 67, 75, 68, 4, 99, 84, 26, 50, 69, 27, 25, 3, 6, 49, 2, 87, 9, 89, 62, 64, 63, 18, 92, 95, 96, 12, 86, 40, 21, 16, 7, 35, 47, 81, 32, 78, 80, 8, 34, 70, 65, 76, 23, 53, 28, 33, 100, 11, 0, 
Best tour: 0 Run: 235 Fit: 1653 Time: 5121
0, 54, 74, 88, 30, 48, 10, 29, 61, 46, 45, 82, 44, 59, 22, 38, 24, 39, 66, 55, 73, 71, 72, 52, 57, 94, 5, 93, 58, 97, 41, 42, 90, 43, 37, 20, 51, 91, 36, 13, 60, 98, 83, 17, 15, 85, 14, 56, 1, 79, 76, 31, 77, 67, 75, 68, 4, 99, 84, 26, 50, 69, 27, 25, 3, 6, 49, 2, 87, 9, 89, 62, 64, 63, 18, 92, 95, 96, 12, 86, 40, 21, 16, 7, 35, 47, 81, 32, 78, 80, 8, 34, 70, 65, 19, 23, 53, 28, 33, 100, 11, 0, 
Best tour: 0 Run: 238 Fit: 1640 Time: 5187
0, 54, 74, 88, 30, 48, 10, 29, 61, 46, 45, 44, 82, 59, 22, 38, 24, 39, 66, 55, 73, 71, 72, 52, 57, 94, 5, 93, 58, 97, 41, 42, 90, 43, 37, 20, 51, 91, 36, 13, 60, 98, 83, 17, 15, 85, 14, 56, 1, 79, 76, 31, 77, 67, 75, 68, 4, 99, 84, 26, 50, 69, 27, 25, 3, 6, 49, 2, 87, 9, 89, 62, 64, 63, 18, 92, 95, 96, 12, 86, 40, 21, 16, 7, 35, 47, 81, 32, 78, 80, 8, 34, 70, 65, 19, 23, 53, 28, 33, 100, 11, 0, 
Best tour: 0 Run: 239 Fit: 1639 Time: 5208
0, 54, 74, 88, 30, 48, 10, 29, 61, 46, 45, 44, 82, 59, 22, 38, 24, 39, 66, 55, 73, 71, 72, 52, 57, 94, 5, 93, 58, 97, 41, 42, 90, 43, 37, 20, 51, 91, 36, 13, 60, 98, 83, 17, 15, 85, 14, 56, 1, 79, 76, 31, 77, 67, 75, 68, 4, 99, 84, 26, 50, 69, 27, 25, 3, 6, 49, 2, 87, 9, 89, 62, 64, 63, 18, 95, 92, 96, 12, 86, 40, 21, 16, 7, 35, 47, 81, 32, 78, 80, 8, 34, 70, 65, 19, 23, 53, 28, 33, 100, 11, 0, 
Best tour: 3 Run: 244 Fit: 1624 Time: 5317
0, 2, 67, 76, 53, 23, 3, 74, 21, 40, 27, 11, 71, 24, 55, 39, 57, 5, 93, 84, 15, 41, 36, 37, 43, 83, 17, 59, 63, 62, 69, 89, 29, 51, 7, 58, 91, 66, 79, 78, 75, 49, 52, 88, 95, 85, 94, 12, 26, 6, 47, 81, 4, 90, 13, 60, 48, 45, 46, 64, 32, 20, 54, 38, 22, 72, 98, 92, 96, 86, 56, 99, 97, 42, 73, 1, 14, 25, 77, 50, 33, 28, 9, 10, 80, 8, 70, 65, 19, 31, 34, 30, 68, 87, 35, 18, 82, 44, 16, 61, 100, 0, 
Best tour: 3 Run: 252 Fit: 1620 Time: 5491
0, 2, 67, 76, 53, 23, 3, 74, 21, 40, 27, 11, 71, 24, 55, 39, 57, 5, 93, 84, 15, 41, 36, 37, 43, 83, 82, 59, 63, 62, 69, 89, 29, 51, 7, 58, 91, 66, 79, 78, 75, 49, 52, 88, 95, 85, 94, 12, 26, 6, 47, 81, 4, 90, 13, 60, 48, 45, 46, 64, 32, 20, 54, 38, 22, 72, 98, 92, 96, 86, 56, 99, 97, 42, 73, 1, 14, 25, 77, 50, 33, 28, 9, 10, 80, 8, 70, 65, 19, 31, 34, 30, 68, 87, 35, 18, 17, 44, 16, 61, 100, 0, 
Best tour: 0 Run: 272 Fit: 1619 Time: 5935
0, 54, 74, 88, 30, 48, 10, 62, 61, 46, 45, 44, 82, 59, 22, 38, 24, 39, 66, 55, 73, 71, 72, 52, 57, 94, 5, 93, 58, 97, 41, 42, 90, 43, 37, 20, 51, 91, 36, 13, 60, 98, 83, 17, 15, 85, 14, 56, 1, 79, 2, 31, 77, 67, 75, 68, 4, 99, 84, 26, 50, 69, 27, 25, 3, 6, 49, 76, 87, 9, 89, 29, 64, 63, 18, 95, 92, 96, 12, 86, 40, 21, 16, 7, 35, 47, 81, 32, 78, 80, 8, 34, 70, 65, 19, 23, 53, 28, 33, 100, 11, 0, 
Best tour: 3 Run: 280 Fit: 1618 Time: 6112
0, 2, 67, 76, 53, 23, 3, 74, 21, 40, 27, 11, 71, 24, 55, 39, 57, 5, 93, 84, 15, 41, 36, 37, 43, 83, 82, 59, 63, 62, 69, 89, 29, 51, 7, 98, 91, 66, 79, 78, 75, 49, 52, 88, 95, 85, 94, 12, 26, 6, 47, 81, 4, 90, 13, 60, 48, 45, 46, 64, 32, 20, 54, 38, 22, 72, 58, 92, 96, 86, 56, 99, 97, 42, 73, 1, 14, 25, 77, 50, 33, 28, 9, 10, 80, 8, 70, 65, 19, 31, 34, 30, 68, 87, 35, 18, 17, 44, 16, 61, 100, 0, 
Best tour: 16 Run: 281 Fit: 1613 Time: 6135
0, 63, 61, 69, 31, 29, 50, 11, 26, 34, 65, 19, 62, 18, 46, 47, 12, 92, 84, 43, 36, 96, 99, 13, 85, 37, 16, 1, 21, 56, 41, 42, 14, 38, 24, 53, 54, 23, 39, 98, 58, 93, 5, 95, 82, 6, 7, 44, 27, 67, 25, 55, 22, 94, 51, 32, 8, 89, 9, 30, 2, 79, 20, 3, 52, 71, 40, 72, 75, 57, 73, 74, 66, 70, 64, 28, 76, 4, 81, 45, 35, 48, 10, 87, 60, 90, 15, 83, 59, 88, 49, 78, 80, 77, 33, 17, 91, 97, 68, 100, 86, 0, 
Best tour: 0 Run: 284 Fit: 1583 Time: 6200
0, 54, 74, 88, 30, 48, 10, 62, 61, 46, 45, 44, 82, 59, 22, 38, 24, 39, 66, 55, 73, 71, 72, 52, 57, 94, 5, 93, 58, 97, 41, 42, 90, 43, 37, 20, 3, 91, 36, 13, 60, 98, 83, 17, 15, 85, 14, 56, 1, 79, 2, 31, 77, 67, 75, 68, 4, 99, 84, 26, 50, 69, 27, 25, 51, 6, 49, 76, 87, 9, 89, 29, 64, 63, 18, 95, 92, 96, 12, 86, 40, 21, 16, 7, 35, 47, 81, 32, 78, 80, 8, 34, 70, 65, 19, 23, 53, 28, 33, 100, 11, 0, 
Best tour: 0 Run: 291 Fit: 1573 Time: 6356
0, 54, 74, 88, 30, 48, 10, 62, 61, 46, 45, 44, 82, 59, 22, 38, 24, 21, 66, 55, 73, 71, 72, 52, 57, 94, 5, 93, 58, 97, 41, 42, 90, 43, 37, 20, 3, 91, 36, 13, 60, 98, 83, 17, 15, 85, 14, 56, 1, 79, 2, 31, 77, 67, 75, 68, 4, 99, 84, 26, 50, 69, 27, 25, 51, 6, 49, 76, 87, 9, 89, 29, 64, 63, 18, 95, 92, 96, 12, 86, 40, 39, 16, 7, 35, 47, 81, 32, 78, 80, 8, 34, 70, 65, 19, 23, 53, 28, 33, 100, 11, 0, 
Best tour: 0 Run: 294 Fit: 1542 Time: 6423
0, 54, 74, 88, 30, 48, 10, 62, 61, 46, 45, 44, 82, 59, 22, 38, 24, 21, 66, 55, 73, 71, 72, 52, 57, 94, 5, 93, 58, 97, 41, 42, 90, 43, 37, 20, 3, 91, 36, 13, 60, 98, 83, 16, 15, 85, 14, 56, 1, 79, 2, 31, 77, 67, 75, 68, 4, 99, 84, 26, 50, 69, 27, 25, 51, 6, 49, 76, 87, 9, 89, 29, 64, 63, 18, 95, 92, 96, 12, 86, 40, 39, 17, 7, 35, 47, 81, 32, 78, 80, 8, 34, 70, 65, 19, 23, 53, 28, 33, 100, 11, 0, 
Best tour: 0 Run: 314 Fit: 1529 Time: 6861
0, 54, 74, 88, 30, 48, 10, 62, 61, 46, 45, 44, 82, 59, 22, 38, 24, 21, 66, 55, 73, 71, 72, 52, 57, 94, 5, 93, 58, 97, 41, 42, 90, 43, 37, 20, 3, 91, 36, 13, 60, 98, 83, 16, 15, 85, 14, 56, 1, 79, 2, 31, 77, 67, 75, 68, 4, 99, 84, 26, 50, 76, 27, 25, 51, 6, 49, 69, 87, 9, 89, 29, 64, 63, 18, 95, 92, 96, 12, 86, 40, 39, 17, 7, 35, 47, 81, 32, 78, 80, 8, 34, 70, 65, 19, 23, 53, 28, 33, 100, 11, 0, 
Best tour: 0 Run: 318 Fit: 1525 Time: 6948
0, 54, 74, 88, 30, 48, 10, 62, 61, 46, 45, 44, 82, 59, 22, 38, 24, 21, 66, 55, 73, 71, 72, 52, 57, 94, 5, 93, 58, 97, 41, 42, 90, 43, 37, 20, 3, 91, 36, 13, 60, 98, 83, 16, 15, 85, 14, 56, 1, 79, 33, 31, 77, 67, 75, 68, 4, 99, 84, 26, 50, 76, 27, 25, 51, 6, 49, 69, 87, 9, 89, 29, 64, 63, 18, 95, 92, 96, 12, 86, 40, 39, 17, 7, 35, 47, 81, 32, 78, 80, 8, 34, 70, 65, 19, 23, 53, 28, 2, 100, 11, 0, 
Best tour: 0 Run: 324 Fit: 1495 Time: 7077
0, 54, 74, 88, 30, 48, 10, 62, 61, 46, 45, 44, 82, 59, 22, 38, 24, 3, 66, 55, 73, 71, 72, 52, 57, 94, 5, 93, 58, 97, 41, 42, 90, 43, 37, 1, 21, 91, 36, 13, 60, 98, 83, 16, 15, 85, 14, 56, 20, 79, 33, 31, 77, 67, 75, 68, 4, 99, 84, 26, 50, 76, 27, 25, 51, 6, 49, 69, 87, 9, 89, 29, 64, 63, 18, 95, 92, 96, 12, 86, 40, 39, 17, 7, 35, 47, 81, 32, 78, 80, 8, 34, 70, 65, 19, 23, 53, 28, 2, 100, 11, 0, 
Best tour: 0 Run: 327 Fit: 1493 Time: 7143
0, 54, 74, 88, 30, 48, 10, 62, 61, 46, 45, 44, 82, 59, 22, 38, 24, 3, 66, 55, 73, 71, 72, 52, 57, 94, 5, 93, 58, 97, 41, 42, 90, 43, 37, 1, 21, 91, 36, 13, 60, 98, 83, 16, 15, 85, 14, 56, 20, 79, 33, 31, 77, 67, 75, 68, 4, 99, 84, 26, 23, 76, 27, 25, 51, 6, 49, 69, 87, 9, 89, 29, 64, 63, 18, 95, 92, 96, 12, 86, 40, 39, 17, 7, 35, 47, 81, 32, 78, 80, 8, 34, 70, 65, 19, 50, 53, 28, 2, 100, 11, 0, 
Best tour: 0 Run: 338 Fit: 1490 Time: 7381
0, 54, 74, 88, 30, 48, 10, 62, 61, 46, 45, 44, 82, 59, 22, 38, 24, 3, 66, 55, 73, 71, 72, 52, 57, 94, 5, 93, 58, 97, 41, 42, 90, 43, 37, 1, 21, 91, 36, 13, 60, 98, 83, 16, 15, 85, 14, 56, 20, 79, 33, 31, 78, 67, 75, 68, 4, 99, 84, 26, 23, 76, 27, 25, 51, 6, 49, 69, 87, 9, 89, 29, 64, 63, 18, 95, 92, 96, 12, 86, 40, 39, 17, 7, 35, 47, 81, 32, 77, 80, 8, 34, 70, 65, 19, 50, 53, 28, 2, 100, 11, 0, 
Best tour: 0 Run: 347 Fit: 1487 Time: 7576
0, 54, 74, 88, 30, 48, 10, 62, 61, 46, 45, 44, 82, 59, 22, 3, 24, 38, 66, 55, 73, 71, 72, 52, 57, 94, 5, 93, 58, 97, 41, 42, 90, 43, 37, 1, 21, 91, 36, 13, 60, 98, 83, 16, 15, 85, 14, 56, 20, 79, 33, 31, 78, 67, 75, 68, 4, 99, 84, 26, 23, 76, 27, 25, 51, 6, 49, 69, 87, 9, 89, 29, 64, 63, 18, 95, 92, 96, 12, 86, 40, 39, 17, 7, 35, 47, 81, 32, 77, 80, 8, 34, 70, 65, 19, 50, 53, 28, 2, 100, 11, 0, 
Best tour: 0 Run: 352 Fit: 1485 Time: 7685
0, 54, 22, 88, 30, 48, 10, 62, 61, 46, 45, 44, 82, 59, 74, 3, 24, 38, 66, 55, 73, 71, 72, 52, 57, 94, 5, 93, 58, 97, 41, 42, 90, 43, 37, 1, 21, 91, 36, 13, 60, 98, 83, 16, 15, 85, 14, 56, 20, 79, 33, 31, 78, 67, 75, 68, 4, 99, 84, 26, 23, 76, 27, 25, 51, 6, 49, 69, 87, 9, 89, 29, 64, 63, 18, 95, 92, 96, 12, 86, 40, 39, 17, 7, 35, 47, 81, 32, 77, 80, 8, 34, 70, 65, 19, 50, 53, 28, 2, 100, 11, 0, 
Best tour: 0 Run: 377 Fit: 1482 Time: 8231
0, 54, 22, 88, 18, 48, 10, 62, 61, 46, 45, 44, 82, 59, 74, 3, 24, 38, 66, 55, 73, 71, 72, 52, 57, 94, 5, 93, 58, 97, 41, 42, 90, 43, 37, 1, 21, 91, 36, 13, 60, 98, 83, 16, 15, 85, 14, 56, 20, 79, 33, 31, 78, 67, 75, 68, 4, 99, 84, 26, 23, 76, 27, 25, 51, 6, 49, 69, 87, 9, 89, 29, 64, 63, 30, 95, 92, 96, 12, 86, 40, 39, 17, 7, 35, 47, 81, 32, 77, 80, 8, 34, 70, 65, 19, 50, 53, 28, 2, 100, 11, 0, 
Best tour: 0 Run: 381 Fit: 1480 Time: 8318
0, 54, 22, 88, 18, 48, 10, 62, 61, 46, 45, 44, 82, 59, 74, 3, 24, 38, 66, 55, 73, 71, 72, 52, 57, 94, 5, 93, 58, 97, 41, 85, 90, 43, 37, 1, 21, 91, 36, 13, 60, 98, 83, 16, 15, 42, 14, 56, 20, 79, 33, 31, 78, 67, 75, 68, 4, 99, 84, 26, 23, 76, 27, 25, 51, 6, 49, 69, 87, 9, 89, 29, 64, 63, 30, 95, 92, 96, 12, 86, 40, 39, 17, 7, 35, 47, 81, 32, 77, 80, 8, 34, 70, 65, 19, 50, 53, 28, 2, 100, 11, 0, 
Best tour: 0 Run: 408 Fit: 1478 Time: 8902
0, 54, 22, 88, 18, 48, 10, 62, 61, 46, 45, 44, 82, 59, 74, 3, 24, 38, 66, 55, 73, 71, 72, 52, 57, 94, 5, 93, 58, 99, 41, 85, 90, 43, 37, 1, 21, 91, 36, 13, 60, 98, 83, 16, 15, 42, 14, 56, 20, 79, 33, 31, 78, 67, 75, 68, 4, 97, 84, 26, 23, 76, 27, 25, 51, 6, 49, 69, 87, 9, 89, 29, 64, 63, 30, 95, 92, 96, 12, 86, 40, 39, 17, 7, 35, 47, 81, 32, 77, 80, 8, 34, 70, 65, 19, 50, 53, 28, 2, 100, 11, 0, 
Best tour: 0 Run: 413 Fit: 1466 Time: 9010
0, 54, 22, 88, 18, 48, 10, 62, 61, 46, 45, 44, 82, 59, 74, 3, 24, 38, 66, 55, 73, 71, 72, 52, 57, 94, 5, 93, 58, 99, 41, 85, 90, 43, 37, 1, 21, 91, 36, 13, 60, 98, 83, 16, 15, 42, 14, 56, 20, 53, 33, 31, 78, 67, 75, 68, 4, 97, 84, 26, 23, 76, 27, 25, 51, 6, 49, 69, 87, 9, 89, 29, 64, 63, 30, 95, 92, 96, 12, 86, 40, 39, 17, 7, 35, 47, 81, 32, 77, 80, 8, 34, 70, 65, 19, 50, 79, 28, 2, 100, 11, 0, 
Best tour: 0 Run: 418 Fit: 1465 Time: 9118
0, 54, 22, 88, 18, 48, 10, 62, 61, 46, 45, 44, 82, 59, 74, 3, 24, 38, 66, 55, 73, 71, 72, 52, 57, 94, 93, 5, 58, 99, 41, 85, 90, 43, 37, 1, 21, 91, 36, 13, 60, 98, 83, 16, 15, 42, 14, 56, 20, 53, 33, 31, 78, 67, 75, 68, 4, 97, 84, 26, 23, 76, 27, 25, 51, 6, 49, 69, 87, 9, 89, 29, 64, 63, 30, 95, 92, 96, 12, 86, 40, 39, 17, 7, 35, 47, 81, 32, 77, 80, 8, 34, 70, 65, 19, 50, 79, 28, 2, 100, 11, 0, 
Best tour: 0 Run: 422 Fit: 1463 Time: 9204
0, 54, 22, 88, 18, 48, 10, 62, 61, 46, 45, 44, 82, 59, 74, 3, 24, 38, 66, 55, 73, 71, 72, 52, 57, 94, 93, 5, 58, 99, 41, 85, 90, 43, 37, 1, 21, 91, 36, 13, 60, 98, 83, 16, 15, 42, 14, 56, 20, 53, 33, 31, 78, 67, 75, 68, 4, 97, 84, 26, 23, 76, 27, 25, 51, 6, 49, 69, 87, 63, 89, 29, 64, 9, 30, 95, 92, 96, 12, 86, 40, 39, 17, 7, 35, 47, 81, 32, 77, 80, 8, 34, 70, 65, 19, 50, 79, 28, 2, 100, 11, 0, 
Best tour: 0 Run: 447 Fit: 1455 Time: 9749
0, 54, 22, 88, 18, 48, 10, 62, 61, 46, 45, 44, 82, 59, 74, 3, 24, 38, 66, 55, 73, 71, 72, 52, 57, 94, 93, 5, 58, 99, 41, 85, 90, 43, 37, 1, 21, 91, 36, 13, 60, 98, 83, 16, 15, 42, 14, 56, 20, 53, 33, 31, 78, 67, 75, 68, 4, 97, 84, 26, 23, 76, 27, 25, 51, 30, 49, 69, 87, 63, 89, 29, 64, 9, 6, 95, 92, 96, 12, 86, 40, 39, 17, 7, 35, 47, 81, 32, 77, 80, 8, 34, 70, 65, 19, 50, 79, 28, 2, 100, 11, 0, 
Best tour: 0 Run: 457 Fit: 1449 Time: 9966
0, 54, 22, 88, 18, 48, 10, 62, 61, 46, 45, 44, 82, 59, 74, 3, 24, 38, 66, 55, 73, 71, 72, 52, 57, 94, 93, 5, 58, 99, 41, 43, 90, 85, 37, 1, 21, 91, 36, 13, 60, 98, 83, 16, 15, 42, 14, 56, 20, 53, 33, 31, 78, 67, 75, 68, 4, 97, 84, 26, 23, 76, 27, 25, 51, 30, 49, 69, 87, 63, 89, 29, 64, 9, 6, 95, 92, 96, 12, 86, 40, 39, 17, 7, 35, 47, 81, 32, 77, 80, 8, 34, 70, 65, 19, 50, 79, 28, 2, 100, 11, 0, 
Best tour: 0 Run: 464 Fit: 1446 Time: 10119
0, 54, 22, 88, 18, 48, 10, 62, 61, 46, 45, 44, 82, 59, 74, 3, 24, 38, 66, 55, 73, 71, 72, 52, 57, 94, 93, 5, 58, 99, 41, 43, 90, 85, 37, 1, 21, 91, 36, 13, 60, 98, 83, 16, 15, 42, 14, 56, 20, 53, 33, 31, 78, 67, 75, 68, 4, 92, 84, 26, 23, 76, 27, 25, 51, 30, 49, 69, 87, 63, 89, 29, 64, 9, 6, 95, 97, 96, 12, 86, 40, 39, 17, 7, 35, 47, 81, 32, 77, 80, 8, 34, 70, 65, 19, 50, 79, 28, 2, 100, 11, 0, 
Best tour: 3 Run: 464 Fit: 1426 Time: 10119
0, 2, 67, 76, 28, 23, 3, 74, 21, 40, 20, 53, 71, 24, 55, 39, 57, 5, 93, 84, 15, 91, 36, 90, 37, 83, 16, 82, 63, 62, 69, 19, 29, 51, 7, 4, 41, 66, 79, 11, 75, 49, 52, 88, 95, 98, 94, 12, 26, 68, 59, 17, 85, 43, 13, 60, 48, 18, 46, 64, 32, 27, 54, 38, 22, 73, 58, 92, 96, 86, 97, 99, 42, 14, 72, 1, 56, 25, 78, 77, 33, 50, 9, 10, 80, 8, 70, 65, 34, 31, 89, 30, 6, 87, 35, 45, 81, 44, 47, 61, 100, 0, 
Best tour: 3 Run: 484 Fit: 1415 Time: 10551
0, 2, 67, 76, 28, 23, 3, 74, 21, 40, 20, 53, 71, 24, 55, 39, 57, 5, 93, 84, 15, 91, 36, 90, 37, 83, 16, 82, 63, 62, 69, 19, 29, 51, 81, 4, 41, 66, 79, 11, 75, 49, 52, 88, 95, 98, 94, 12, 26, 68, 59, 17, 85, 43, 13, 60, 48, 18, 46, 64, 32, 27, 54, 38, 22, 73, 58, 92, 96, 86, 97, 99, 42, 14, 72, 1, 56, 25, 78, 77, 33, 50, 9, 10, 80, 8, 70, 65, 34, 31, 89, 30, 6, 87, 35, 45, 7, 44, 47, 61, 100, 0, 
Best tour: 3 Run: 510 Fit: 1410 Time: 11115
0, 2, 67, 76, 28, 23, 3, 74, 21, 40, 20, 27, 71, 24, 55, 39, 57, 5, 93, 84, 15, 91, 36, 90, 37, 83, 16, 82, 63, 62, 69, 19, 29, 51, 81, 4, 41, 66, 79, 11, 75, 49, 52, 88, 95, 98, 94, 12, 26, 68, 59, 17, 85, 43, 13, 60, 48, 18, 46, 64, 32, 53, 54, 38, 22, 73, 58, 92, 96, 86, 97, 99, 42, 14, 72, 1, 56, 25, 78, 77, 33, 50, 9, 10, 80, 8, 70, 65, 34, 31, 89, 30, 6, 87, 35, 45, 7, 44, 47, 61, 100, 0, 
Best tour: 0 Run: 524 Fit: 1406 Time: 11417
0, 54, 22, 88, 18, 48, 10, 62, 61, 46, 45, 44, 82, 59, 74, 3, 24, 38, 66, 55, 73, 71, 72, 52, 57, 94, 93, 5, 58, 99, 37, 43, 90, 85, 41, 1, 21, 91, 36, 13, 60, 98, 83, 16, 15, 42, 14, 56, 20, 53, 33, 49, 78, 67, 75, 68, 26, 92, 84, 4, 23, 76, 27, 25, 51, 30, 31, 69, 87, 63, 89, 29, 64, 9, 6, 95, 97, 96, 12, 86, 40, 39, 17, 7, 35, 47, 81, 32, 77, 80, 8, 34, 70, 65, 19, 50, 79, 28, 2, 100, 11, 0, 
Best tour: 3 Run: 525 Fit: 1393 Time: 11440
0, 2, 67, 76, 28, 23, 3, 74, 21, 40, 20, 27, 71, 24, 55, 39, 57, 5, 93, 84, 15, 91, 36, 90, 37, 83, 16, 82, 63, 62, 10, 19, 29, 51, 81, 4, 41, 66, 79, 11, 75, 49, 52, 88, 95, 98, 94, 12, 26, 68, 59, 17, 85, 43, 13, 60, 48, 18, 46, 64, 32, 53, 54, 38, 22, 73, 58, 92, 96, 86, 97, 99, 42, 14, 72, 1, 56, 25, 78, 77, 33, 50, 9, 69, 80, 8, 70, 65, 34, 31, 89, 30, 6, 87, 35, 45, 7, 44, 47, 61, 100, 0, 
Best tour: 0 Run: 535 Fit: 1390 Time: 11658
0, 54, 22, 88, 18, 48, 10, 62, 61, 46, 45, 44, 82, 59, 74, 3, 24, 38, 66, 55, 73, 71, 72, 52, 57, 94, 93, 5, 58, 99, 37, 43, 90, 85, 41, 1, 21, 91, 36, 13, 60, 98, 83, 16, 15, 42, 14, 56, 20, 53, 33, 23, 78, 67, 75, 68, 26, 92, 84, 4, 49, 76, 27, 25, 51, 30, 31, 69, 87, 63, 89, 29, 64, 9, 6, 95, 97, 96, 12, 86, 40, 39, 17, 7, 35, 47, 81, 32, 77, 80, 8, 34, 70, 65, 19, 50, 79, 28, 2, 100, 11, 0, 
Best tour: 3 Run: 548 Fit: 1386 Time: 11939
0, 2, 67, 76, 28, 23, 3, 74, 21, 40, 20, 72, 71, 24, 55, 39, 57, 5, 93, 84, 15, 91, 36, 90, 37, 83, 16, 82, 63, 62, 10, 19, 29, 51, 81, 4, 41, 25, 79, 11, 75, 49, 52, 88, 95, 98, 94, 12, 26, 68, 59, 17, 85, 43, 13, 60, 48, 18, 46, 64, 32, 53, 54, 38, 22, 73, 58, 92, 96, 86, 97, 99, 42, 14, 27, 1, 56, 66, 78, 77, 33, 50, 9, 69, 80, 8, 70, 65, 34, 31, 89, 30, 6, 87, 35, 45, 7, 44, 47, 61, 100, 0, 
Best tour: 3 Run: 556 Fit: 1368 Time: 12113
0, 2, 67, 76, 28, 23, 3, 74, 21, 40, 20, 72, 71, 24, 55, 39, 27, 5, 93, 84, 15, 91, 36, 90, 37, 83, 16, 82, 63, 62, 10, 19, 29, 68, 81, 4, 41, 25, 79, 11, 75, 49, 52, 88, 95, 98, 94, 12, 26, 51, 59, 17, 85, 43, 13, 60, 48, 18, 46, 64, 32, 53, 54, 38, 22, 73, 58, 92, 96, 86, 97, 99, 42, 14, 57, 1, 56, 66, 78, 77, 33, 50, 9, 69, 80, 8, 70, 65, 34, 31, 89, 30, 6, 87, 35, 45, 7, 44, 47, 61, 100, 0, 
Best tour: 3 Run: 559 Fit: 1342 Time: 12179
0, 2, 67, 76, 28, 23, 3, 74, 21, 40, 20, 72, 71, 24, 55, 39, 27, 5, 93, 84, 15, 91, 36, 90, 37, 83, 16, 82, 63, 62, 10, 19, 29, 68, 81, 4, 57, 25, 79, 11, 75, 49, 52, 88, 95, 98, 94, 12, 26, 51, 59, 17, 85, 43, 13, 60, 48, 18, 46, 64, 32, 53, 54, 38, 22, 73, 58, 92, 96, 86, 97, 99, 42, 14, 41, 1, 56, 66, 78, 77, 33, 50, 9, 69, 80, 8, 70, 65, 34, 31, 89, 30, 6, 87, 35, 45, 7, 44, 47, 61, 100, 0, 
Best tour: 3 Run: 561 Fit: 1336 Time: 12222
0, 2, 67, 76, 28, 23, 3, 74, 21, 40, 20, 72, 71, 24, 55, 39, 27, 5, 93, 84, 15, 91, 36, 90, 37, 83, 16, 82, 63, 62, 10, 19, 29, 68, 81, 4, 57, 25, 79, 11, 75, 49, 52, 88, 95, 98, 94, 12, 26, 51, 59, 17, 85, 43, 13, 60, 48, 18, 46, 64, 32, 53, 54, 38, 22, 73, 58, 92, 96, 86, 97, 99, 42, 14, 41, 1, 56, 66, 78, 77, 33, 50, 30, 69, 80, 8, 70, 65, 34, 31, 89, 9, 6, 87, 35, 45, 7, 44, 47, 61, 100, 0, 
Best tour: 3 Run: 592 Fit: 1330 Time: 12894
0, 2, 67, 76, 28, 23, 3, 74, 21, 40, 20, 72, 71, 24, 55, 39, 12, 5, 93, 84, 15, 91, 36, 90, 37, 83, 16, 82, 63, 62, 10, 19, 29, 68, 81, 4, 57, 25, 79, 11, 75, 49, 52, 88, 95, 98, 94, 27, 26, 51, 59, 17, 85, 43, 13, 60, 48, 18, 46, 64, 32, 53, 54, 38, 22, 73, 58, 92, 96, 86, 97, 99, 42, 14, 41, 1, 56, 66, 78, 77, 33, 50, 30, 69, 80, 8, 70, 65, 34, 31, 89, 9, 6, 87, 35, 45, 7, 44, 47, 61, 100, 0, 
Best tour: 3 Run: 593 Fit: 1329 Time: 12916
0, 2, 67, 76, 28, 23, 3, 74, 21, 40, 20, 72, 71, 24, 54, 39, 12, 5, 93, 84, 15, 91, 36, 90, 37, 83, 16, 82, 63, 62, 10, 19, 29, 68, 81, 4, 57, 25, 79, 11, 75, 49, 52, 88, 95, 98, 94, 27, 26, 51, 59, 17, 85, 43, 13, 60, 48, 18, 46, 64, 32, 53, 55, 38, 22, 73, 58, 92, 96, 86, 97, 99, 42, 14, 41, 1, 56, 66, 78, 77, 33, 50, 30, 69, 80, 8, 70, 65, 34, 31, 89, 9, 6, 87, 35, 45, 7, 44, 47, 61, 100, 0, 
Best tour: 3 Run: 624 Fit: 1320 Time: 13588
0, 2, 67, 76, 28, 23, 3, 74, 21, 40, 20, 72, 71, 24, 54, 39, 12, 5, 93, 84, 15, 91, 36, 90, 37, 83, 16, 82, 63, 62, 10, 19, 29, 68, 81, 4, 57, 25, 79, 11, 75, 49, 52, 88, 95, 98, 94, 27, 26, 51, 59, 17, 85, 43, 13, 60, 48, 18, 46, 8, 32, 53, 55, 38, 22, 73, 58, 92, 96, 86, 97, 99, 42, 14, 41, 1, 56, 66, 78, 77, 33, 50, 30, 69, 80, 64, 70, 65, 34, 31, 89, 9, 6, 87, 35, 45, 7, 44, 47, 61, 100, 0, 
Best tour: 3 Run: 632 Fit: 1317 Time: 13762
0, 2, 67, 76, 28, 23, 3, 74, 21, 40, 20, 72, 71, 24, 54, 39, 12, 5, 93, 84, 15, 91, 36, 90, 37, 83, 16, 82, 63, 62, 10, 19, 29, 68, 81, 4, 57, 25, 79, 11, 75, 49, 52, 88, 95, 98, 94, 27, 26, 51, 59, 17, 60, 43, 13, 85, 48, 18, 46, 8, 32, 53, 55, 38, 22, 73, 58, 92, 96, 86, 97, 99, 42, 14, 41, 1, 56, 66, 78, 77, 33, 50, 30, 69, 80, 64, 70, 65, 34, 31, 89, 9, 6, 87, 35, 45, 7, 44, 47, 61, 100, 0, 
Best tour: 3 Run: 637 Fit: 1315 Time: 13876
0, 2, 67, 76, 28, 23, 3, 74, 21, 40, 20, 72, 71, 24, 54, 39, 12, 5, 93, 37, 15, 91, 36, 90, 84, 83, 16, 82, 63, 62, 10, 19, 29, 68, 81, 4, 57, 25, 79, 11, 75, 49, 52, 88, 95, 98, 94, 27, 26, 51, 59, 17, 60, 43, 13, 85, 48, 18, 46, 8, 32, 53, 55, 38, 22, 73, 58, 92, 96, 86, 97, 99, 42, 14, 41, 1, 56, 66, 78, 77, 33, 50, 30, 69, 80, 64, 70, 65, 34, 31, 89, 9, 6, 87, 35, 45, 7, 44, 47, 61, 100, 0, 
Best tour: 3 Run: 650 Fit: 1308 Time: 14160
0, 2, 67, 76, 28, 23, 3, 74, 21, 40, 20, 72, 71, 24, 54, 39, 12, 5, 93, 37, 15, 91, 36, 90, 84, 83, 16, 82, 63, 62, 10, 19, 29, 30, 81, 4, 57, 25, 79, 11, 75, 49, 52, 88, 95, 98, 94, 27, 26, 51, 59, 17, 60, 43, 13, 85, 48, 18, 46, 8, 32, 53, 55, 38, 22, 73, 58, 92, 96, 86, 97, 99, 42, 14, 41, 1, 56, 66, 78, 77, 33, 50, 68, 69, 80, 64, 70, 65, 34, 31, 89, 9, 6, 87, 35, 45, 7, 44, 47, 61, 100, 0, 
Best tour: 3 Run: 674 Fit: 1298 Time: 14737
0, 2, 67, 76, 28, 23, 3, 74, 21, 40, 20, 72, 71, 24, 54, 39, 12, 5, 93, 37, 15, 91, 36, 90, 84, 83, 16, 82, 63, 62, 10, 19, 29, 30, 81, 4, 57, 25, 79, 11, 75, 49, 52, 88, 95, 98, 94, 27, 26, 51, 59, 17, 60, 43, 13, 85, 48, 35, 46, 8, 32, 53, 55, 38, 22, 73, 58, 92, 96, 86, 97, 99, 42, 14, 41, 1, 56, 66, 78, 77, 33, 50, 68, 69, 80, 64, 70, 65, 34, 31, 89, 9, 6, 87, 18, 45, 7, 44, 47, 61, 100, 0, 
Best tour: 3 Run: 678 Fit: 1292 Time: 14834
0, 2, 67, 76, 28, 23, 3, 74, 21, 40, 20, 72, 71, 24, 54, 39, 12, 5, 93, 37, 15, 91, 36, 90, 84, 83, 16, 82, 63, 62, 10, 19, 29, 30, 81, 4, 57, 25, 79, 11, 75, 49, 52, 88, 95, 98, 94, 27, 26, 51, 59, 17, 60, 43, 13, 85, 48, 35, 46, 50, 32, 53, 55, 38, 22, 73, 58, 92, 96, 86, 97, 99, 42, 14, 41, 1, 56, 66, 78, 77, 33, 8, 68, 69, 80, 64, 70, 65, 34, 31, 89, 9, 6, 87, 18, 45, 7, 44, 47, 61, 100, 0, 
Best tour: 3 Run: 712 Fit: 1286 Time: 15693
0, 2, 67, 76, 28, 23, 3, 74, 21, 40, 20, 72, 71, 24, 54, 39, 12, 5, 93, 37, 15, 91, 36, 90, 84, 83, 16, 82, 63, 62, 10, 19, 29, 30, 81, 4, 57, 25, 79, 11, 75, 49, 52, 88, 95, 98, 94, 27, 26, 51, 59, 17, 60, 43, 13, 85, 48, 35, 46, 50, 32, 53, 55, 38, 22, 73, 58, 92, 96, 86, 97, 99, 42, 14, 41, 1, 56, 66, 78, 77, 33, 8, 68, 69, 80, 70, 64, 65, 34, 31, 89, 9, 6, 87, 18, 45, 7, 44, 47, 61, 100, 0, 
Best tour: 3 Run: 740 Fit: 1280 Time: 16392
0, 2, 67, 76, 28, 23, 3, 74, 21, 40, 20, 72, 71, 24, 54, 39, 12, 5, 93, 85, 15, 91, 36, 90, 84, 83, 16, 82, 63, 62, 10, 19, 29, 30, 81, 4, 57, 25, 79, 11, 75, 49, 52, 88, 95, 98, 94, 27, 26, 51, 59, 17, 60, 43, 13, 37, 48, 35, 46, 50, 32, 53, 55, 38, 22, 73, 58, 92, 96, 86, 97, 99, 42, 14, 41, 1, 56, 66, 78, 77, 33, 8, 68, 69, 80, 70, 64, 65, 34, 31, 89, 9, 6, 87, 18, 45, 7, 44, 47, 61, 100, 0, 
Best tour: 3 Run: 780 Fit: 1276 Time: 17431
0, 2, 67, 76, 28, 23, 55, 74, 21, 40, 20, 72, 71, 24, 54, 39, 12, 5, 93, 85, 15, 91, 36, 90, 84, 83, 16, 82, 63, 62, 10, 19, 29, 30, 81, 4, 57, 25, 79, 11, 75, 49, 52, 88, 95, 98, 94, 27, 26, 51, 59, 17, 60, 43, 13, 37, 48, 35, 46, 50, 32, 53, 3, 38, 22, 73, 58, 92, 96, 86, 97, 99, 42, 14, 41, 1, 56, 66, 78, 77, 33, 8, 68, 69, 80, 70, 64, 65, 34, 31, 89, 9, 6, 87, 18, 45, 7, 44, 47, 61, 100, 0, 
Best tour: 3 Run: 823 Fit: 1275 Time: 18410
0, 2, 67, 76, 28, 23, 55, 74, 21, 40, 20, 72, 71, 24, 54, 39, 12, 5, 93, 85, 15, 99, 36, 90, 84, 83, 16, 82, 63, 62, 10, 19, 29, 30, 81, 4, 57, 25, 79, 11, 75, 49, 52, 88, 95, 98, 94, 27, 26, 51, 59, 17, 60, 43, 13, 37, 48, 35, 46, 50, 32, 53, 3, 38, 22, 73, 58, 86, 96, 92, 97, 91, 42, 14, 41, 1, 56, 66, 78, 77, 33, 8, 68, 69, 80, 70, 64, 65, 34, 31, 89, 9, 6, 87, 18, 45, 7, 44, 47, 61, 100, 0, 
Best tour: 3 Run: 895 Fit: 1268 Time: 19974
0, 2, 67, 76, 28, 23, 55, 74, 21, 40, 20, 72, 71, 24, 54, 39, 12, 5, 93, 85, 15, 99, 36, 90, 84, 83, 16, 82, 63, 62, 10, 19, 29, 30, 81, 4, 57, 25, 79, 11, 75, 49, 52, 88, 95, 98, 94, 27, 26, 51, 59, 17, 60, 43, 13, 37, 48, 35, 46, 50, 32, 53, 3, 38, 22, 66, 58, 86, 96, 92, 97, 91, 14, 42, 41, 1, 56, 73, 78, 77, 33, 8, 68, 69, 80, 70, 64, 65, 34, 31, 89, 9, 6, 87, 18, 45, 7, 44, 47, 61, 100, 0, 
Best tour: 3 Run: 920 Fit: 1267 Time: 20522
0, 2, 67, 76, 28, 23, 55, 74, 21, 40, 20, 72, 71, 24, 54, 39, 12, 5, 93, 85, 15, 99, 36, 90, 84, 83, 17, 82, 63, 62, 10, 19, 29, 30, 81, 4, 57, 25, 79, 11, 75, 49, 52, 88, 95, 98, 94, 27, 26, 51, 59, 16, 60, 43, 13, 37, 48, 35, 46, 50, 32, 53, 3, 38, 22, 66, 58, 86, 96, 92, 97, 91, 14, 42, 41, 1, 56, 73, 78, 77, 33, 8, 68, 69, 80, 70, 64, 65, 34, 31, 89, 9, 6, 87, 18, 45, 7, 44, 47, 61, 100, 0, 
Best tour: 3 Run: 924 Fit: 1255 Time: 20611
0, 2, 67, 76, 28, 23, 55, 74, 21, 40, 20, 72, 71, 24, 54, 39, 12, 5, 93, 85, 15, 99, 36, 90, 84, 83, 17, 81, 63, 62, 10, 19, 29, 30, 82, 4, 57, 25, 79, 11, 75, 49, 52, 88, 95, 98, 94, 27, 26, 51, 59, 16, 60, 43, 13, 37, 48, 35, 46, 50, 32, 53, 3, 38, 22, 66, 58, 86, 96, 92, 97, 91, 14, 42, 41, 1, 56, 73, 78, 77, 33, 8, 68, 69, 80, 70, 64, 65, 34, 31, 89, 9, 6, 87, 18, 45, 7, 44, 47, 61, 100, 0, 
Best tour: 3 Run: 927 Fit: 1252 Time: 20676
0, 2, 67, 76, 28, 23, 55, 74, 21, 73, 20, 72, 71, 24, 54, 39, 12, 5, 93, 85, 15, 99, 36, 90, 84, 83, 17, 81, 63, 62, 10, 19, 29, 30, 82, 4, 57, 25, 79, 11, 75, 49, 52, 88, 95, 98, 94, 27, 26, 51, 59, 16, 60, 43, 13, 37, 48, 35, 46, 50, 32, 53, 3, 38, 22, 66, 58, 86, 96, 92, 97, 91, 14, 42, 41, 1, 56, 40, 78, 77, 33, 8, 68, 69, 80, 70, 64, 65, 34, 31, 89, 9, 6, 87, 18, 45, 7, 44, 47, 61, 100, 0, 
Best tour: 3 Run: 955 Fit: 1249 Time: 21289
0, 2, 67, 76, 28, 23, 55, 74, 21, 73, 20, 72, 71, 24, 54, 39, 12, 5, 93, 85, 15, 99, 36, 90, 84, 83, 17, 81, 63, 62, 10, 19, 29, 30, 82, 4, 57, 25, 79, 11, 75, 49, 52, 94, 95, 98, 88, 27, 26, 51, 59, 16, 60, 43, 13, 37, 48, 35, 46, 50, 32, 53, 3, 38, 22, 66, 58, 86, 96, 92, 97, 91, 14, 42, 41, 1, 56, 40, 78, 77, 33, 8, 68, 69, 80, 70, 64, 65, 34, 31, 89, 9, 6, 87, 18, 45, 7, 44, 47, 61, 100, 0, 
Best tour: 3 Run: 959 Fit: 1238 Time: 21375
0, 2, 67, 76, 28, 23, 55, 74, 21, 73, 20, 72, 71, 24, 54, 39, 12, 5, 93, 85, 15, 99, 36, 90, 84, 83, 17, 81, 63, 62, 10, 19, 29, 30, 82, 4, 57, 25, 79, 11, 75, 49, 52, 94, 95, 98, 88, 27, 26, 51, 59, 16, 60, 43, 13, 37, 48, 35, 46, 50, 32, 53, 3, 38, 22, 66, 14, 86, 96, 92, 97, 91, 58, 42, 41, 1, 56, 40, 78, 77, 33, 8, 68, 69, 80, 70, 64, 65, 34, 31, 89, 9, 6, 87, 18, 45, 7, 44, 47, 61, 100, 0, 
Best tour: 3 Run: 967 Fit: 1237 Time: 21551
0, 2, 67, 76, 28, 23, 55, 74, 21, 73, 20, 72, 71, 24, 54, 39, 12, 5, 93, 85, 15, 99, 36, 90, 84, 83, 17, 81, 63, 62, 10, 69, 29, 30, 82, 4, 57, 25, 79, 11, 75, 49, 52, 94, 95, 98, 88, 27, 26, 51, 59, 16, 60, 43, 13, 37, 48, 35, 46, 50, 32, 53, 3, 38, 22, 66, 14, 86, 96, 92, 97, 91, 58, 42, 41, 1, 56, 40, 78, 77, 33, 8, 68, 19, 80, 70, 64, 65, 34, 31, 89, 9, 6, 87, 18, 45, 7, 44, 47, 61, 100, 0, 
Best tour: 3 Run: 1025 Fit: 1231 Time: 22857
0, 2, 67, 76, 28, 23, 55, 74, 21, 73, 20, 72, 71, 24, 54, 39, 12, 5, 93, 85, 15, 99, 36, 90, 84, 83, 17, 81, 63, 62, 10, 69, 29, 30, 82, 4, 57, 25, 79, 11, 75, 49, 52, 94, 95, 98, 88, 27, 26, 51, 59, 16, 60, 43, 13, 37, 48, 35, 46, 80, 32, 53, 3, 38, 22, 66, 14, 86, 96, 92, 97, 91, 58, 42, 41, 1, 56, 40, 78, 77, 33, 8, 68, 19, 50, 70, 64, 65, 34, 31, 89, 9, 6, 87, 18, 45, 7, 44, 47, 61, 100, 0, 
Best tour: 3 Run: 1049 Fit: 1225 Time: 23426
0, 2, 67, 76, 28, 23, 55, 74, 21, 73, 20, 72, 71, 24, 54, 39, 12, 5, 93, 85, 15, 99, 36, 90, 84, 83, 17, 81, 63, 62, 10, 69, 29, 30, 82, 4, 57, 25, 79, 11, 75, 49, 52, 94, 95, 98, 88, 27, 26, 51, 59, 16, 60, 43, 13, 37, 48, 35, 46, 80, 32, 53, 3, 38, 22, 66, 14, 42, 96, 92, 97, 91, 58, 86, 41, 1, 56, 40, 78, 77, 33, 8, 68, 19, 50, 70, 64, 65, 34, 31, 89, 9, 6, 87, 18, 45, 7, 44, 47, 61, 100, 0, 
Best tour: 3 Run: 1077 Fit: 1222 Time: 24083
0, 2, 67, 76, 28, 23, 55, 74, 21, 73, 20, 72, 71, 24, 54, 39, 12, 5, 93, 85, 15, 99, 36, 90, 84, 83, 17, 81, 63, 62, 10, 69, 29, 30, 82, 4, 57, 25, 79, 11, 75, 49, 52, 94, 95, 98, 88, 27, 26, 51, 59, 16, 60, 43, 13, 37, 35, 48, 46, 80, 32, 53, 3, 38, 22, 66, 14, 42, 96, 92, 97, 91, 58, 86, 41, 1, 56, 40, 78, 77, 33, 8, 68, 19, 50, 70, 64, 65, 34, 31, 89, 9, 6, 87, 18, 45, 7, 44, 47, 61, 100, 0, 
Best tour: 0 Run: 1109 Fit: 1217 Time: 24783
0, 54, 20, 26, 61, 18, 62, 63, 48, 46, 45, 44, 82, 59, 39, 3, 24, 38, 74, 55, 66, 22, 40, 72, 71, 94, 93, 84, 97, 13, 37, 43, 15, 99, 41, 1, 56, 91, 36, 58, 90, 85, 83, 16, 60, 42, 14, 21, 73, 53, 28, 33, 78, 2, 76, 25, 57, 92, 5, 52, 49, 75, 27, 68, 51, 30, 87, 69, 9, 10, 89, 29, 64, 31, 6, 95, 98, 96, 12, 86, 88, 4, 17, 7, 35, 47, 81, 32, 77, 80, 8, 34, 70, 65, 19, 50, 67, 23, 79, 100, 11, 0, 
Best tour: 0 Run: 1119 Fit: 1205 Time: 25000
0, 54, 20, 26, 61, 18, 62, 63, 48, 46, 45, 44, 82, 59, 39, 3, 24, 38, 74, 55, 66, 22, 40, 72, 71, 94, 93, 84, 97, 13, 37, 43, 15, 99, 41, 1, 56, 91, 36, 58, 90, 85, 83, 16, 60, 42, 14, 21, 73, 53, 28, 33, 78, 2, 76, 25, 57, 92, 5, 52, 27, 75, 49, 68, 51, 30, 87, 69, 9, 10, 89, 29, 64, 31, 6, 95, 98, 96, 12, 86, 88, 4, 17, 7, 35, 47, 81, 32, 77, 80, 8, 34, 70, 65, 19, 50, 67, 23, 79, 100, 11, 0, 
Best tour: 0 Run: 1171 Fit: 1199 Time: 26147
0, 54, 20, 26, 61, 18, 62, 63, 48, 46, 45, 44, 82, 59, 39, 3, 24, 38, 74, 55, 66, 22, 40, 72, 71, 94, 93, 84, 97, 13, 37, 43, 15, 99, 41, 1, 56, 91, 36, 58, 90, 85, 83, 16, 60, 42, 14, 21, 73, 53, 28, 33, 78, 2, 76, 25, 57, 95, 5, 52, 27, 75, 49, 68, 51, 30, 87, 69, 9, 10, 89, 29, 64, 31, 6, 92, 98, 96, 12, 86, 88, 4, 17, 7, 35, 47, 81, 32, 77, 80, 8, 34, 70, 65, 19, 50, 67, 23, 79, 100, 11, 0, 
Best tour: 0 Run: 1189 Fit: 1198 Time: 26574
0, 54, 20, 26, 61, 18, 62, 63, 48, 46, 45, 44, 82, 59, 39, 3, 24, 38, 74, 55, 66, 22, 40, 72, 71, 94, 93, 84, 97, 13, 37, 43, 15, 99, 41, 1, 56, 91, 36, 58, 90, 85, 83, 16, 60, 42, 14, 21, 73, 53, 28, 33, 78, 2, 76, 25, 57, 95, 5, 52, 27, 75, 49, 68, 51, 30, 87, 69, 9, 10, 89, 29, 64, 31, 6, 98, 92, 96, 12, 86, 88, 4, 17, 7, 35, 47, 81, 32, 77, 80, 8, 34, 70, 65, 19, 50, 67, 23, 79, 100, 11, 0, 
Best tour: 0 Run: 1264 Fit: 1183 Time: 28224
0, 54, 20, 26, 61, 18, 62, 63, 48, 35, 45, 44, 82, 59, 39, 3, 24, 38, 74, 55, 66, 22, 40, 72, 71, 94, 93, 84, 97, 13, 37, 43, 15, 99, 41, 1, 56, 91, 36, 58, 90, 85, 83, 16, 60, 42, 14, 21, 73, 53, 28, 33, 78, 2, 76, 25, 57, 95, 5, 52, 27, 75, 49, 68, 51, 30, 87, 69, 9, 10, 89, 29, 64, 31, 6, 98, 92, 96, 12, 86, 88, 4, 17, 7, 46, 47, 81, 32, 77, 80, 8, 34, 70, 65, 19, 50, 67, 23, 79, 100, 11, 0, 
Best tour: 0 Run: 1271 Fit: 1173 Time: 28376
0, 54, 20, 26, 61, 18, 62, 63, 48, 35, 45, 44, 82, 59, 39, 3, 24, 38, 74, 55, 66, 22, 40, 72, 71, 94, 93, 84, 97, 13, 37, 43, 15, 99, 41, 1, 56, 91, 36, 58, 90, 85, 83, 16, 60, 42, 14, 21, 73, 53, 28, 33, 78, 2, 76, 25, 57, 88, 5, 52, 27, 75, 49, 68, 51, 30, 87, 69, 9, 10, 89, 29, 64, 31, 6, 98, 92, 96, 12, 86, 95, 4, 17, 7, 46, 47, 81, 32, 77, 80, 8, 34, 70, 65, 19, 50, 67, 23, 79, 100, 11, 0, 
Best tour: 0 Run: 1281 Fit: 1170 Time: 28593
0, 54, 20, 26, 61, 18, 62, 63, 48, 35, 45, 44, 82, 59, 39, 3, 24, 38, 74, 55, 66, 22, 40, 72, 71, 94, 93, 84, 90, 13, 37, 43, 15, 99, 41, 1, 56, 91, 36, 58, 97, 85, 83, 16, 60, 42, 14, 21, 73, 53, 28, 33, 78, 2, 76, 25, 57, 88, 5, 52, 27, 75, 49, 68, 51, 30, 87, 69, 9, 10, 89, 29, 64, 31, 6, 98, 92, 96, 12, 86, 95, 4, 17, 7, 46, 47, 81, 32, 77, 80, 8, 34, 70, 65, 19, 50, 67, 23, 79, 100, 11, 0, 
Best tour: 0 Run: 1287 Fit: 1169 Time: 28725
0, 54, 20, 26, 61, 18, 62, 63, 48, 35, 45, 44, 82, 59, 39, 3, 24, 38, 74, 55, 66, 22, 40, 72, 71, 94, 93, 84, 90, 13, 37, 43, 97, 99, 41, 1, 56, 91, 36, 58, 15, 85, 83, 16, 60, 42, 14, 21, 73, 53, 28, 33, 78, 2, 76, 25, 57, 88, 5, 52, 27, 75, 49, 68, 51, 30, 87, 69, 9, 10, 89, 29, 64, 31, 6, 98, 92, 96, 12, 86, 95, 4, 17, 7, 46, 47, 81, 32, 77, 80, 8, 34, 70, 65, 19, 50, 67, 23, 79, 100, 11, 0, 
Best tour: 0 Run: 1288 Fit: 1166 Time: 28746
0, 54, 3, 26, 61, 18, 62, 63, 48, 35, 45, 44, 82, 59, 39, 20, 24, 38, 74, 55, 66, 22, 40, 72, 71, 94, 93, 84, 90, 13, 37, 43, 97, 99, 41, 1, 56, 91, 36, 58, 15, 85, 83, 16, 60, 42, 14, 21, 73, 53, 28, 33, 78, 2, 76, 25, 57, 88, 5, 52, 27, 75, 49, 68, 51, 30, 87, 69, 9, 10, 89, 29, 64, 31, 6, 98, 92, 96, 12, 86, 95, 4, 17, 7, 46, 47, 81, 32, 77, 80, 8, 34, 70, 65, 19, 50, 67, 23, 79, 100, 11, 0, 
Best tour: 0 Run: 1311 Fit: 1164 Time: 29243
0, 54, 3, 26, 61, 18, 62, 63, 48, 35, 45, 44, 82, 59, 39, 20, 24, 38, 74, 55, 66, 22, 40, 72, 71, 94, 93, 84, 90, 13, 37, 43, 97, 99, 41, 1, 56, 91, 36, 58, 15, 85, 83, 16, 60, 42, 14, 21, 73, 53, 28, 33, 77, 2, 76, 25, 57, 88, 5, 52, 27, 75, 49, 68, 51, 30, 87, 69, 9, 10, 89, 29, 64, 31, 6, 98, 92, 96, 12, 86, 95, 4, 17, 7, 46, 47, 81, 32, 78, 80, 8, 34, 70, 65, 19, 50, 67, 23, 79, 100, 11, 0, 
Best tour: 0 Run: 1315 Fit: 1163 Time: 29331
0, 54, 3, 26, 61, 18, 62, 63, 48, 35, 45, 44, 82, 59, 39, 20, 24, 55, 74, 38, 66, 22, 40, 72, 71, 94, 93, 84, 90, 13, 37, 43, 97, 99, 41, 1, 56, 91, 36, 58, 15, 85, 83, 16, 60, 42, 14, 21, 73, 53, 28, 33, 77, 2, 76, 25, 57, 88, 5, 52, 27, 75, 49, 68, 51, 30, 87, 69, 9, 10, 89, 29, 64, 31, 6, 98, 92, 96, 12, 86, 95, 4, 17, 7, 46, 47, 81, 32, 78, 80, 8, 34, 70, 65, 19, 50, 67, 23, 79, 100, 11, 0, 
Best tour: 0 Run: 1484 Fit: 1162 Time: 33041
0, 54, 3, 26, 61, 18, 62, 63, 48, 35, 45, 44, 82, 59, 39, 20, 24, 55, 74, 38, 66, 22, 40, 72, 71, 94, 93, 84, 97, 13, 37, 43, 90, 99, 41, 1, 56, 91, 36, 58, 15, 85, 83, 16, 60, 42, 14, 21, 73, 53, 28, 33, 77, 2, 76, 25, 57, 88, 5, 52, 27, 75, 49, 68, 51, 30, 87, 69, 9, 10, 89, 29, 64, 31, 6, 98, 92, 96, 12, 86, 95, 4, 17, 7, 46, 47, 81, 32, 78, 80, 8, 34, 70, 65, 19, 50, 67, 23, 79, 100, 11, 0, 
Best tour: 0 Run: 1553 Fit: 1144 Time: 34539
0, 54, 3, 26, 61, 18, 10, 63, 48, 35, 45, 44, 82, 59, 39, 20, 24, 55, 74, 38, 66, 22, 40, 72, 71, 94, 93, 84, 97, 13, 37, 43, 90, 99, 41, 1, 56, 91, 36, 58, 15, 85, 83, 16, 60, 42, 14, 21, 73, 53, 28, 33, 77, 2, 76, 25, 57, 88, 5, 52, 27, 75, 49, 68, 51, 30, 87, 69, 9, 62, 89, 29, 64, 31, 6, 98, 92, 96, 12, 86, 95, 4, 17, 7, 46, 47, 81, 32, 78, 80, 8, 34, 70, 65, 19, 50, 67, 23, 79, 100, 11, 0, 
Best tour: 0 Run: 1572 Fit: 1142 Time: 34956
0, 54, 3, 26, 61, 18, 10, 63, 48, 35, 45, 44, 82, 59, 39, 20, 24, 55, 74, 38, 66, 22, 40, 72, 71, 93, 94, 84, 97, 13, 37, 43, 90, 99, 41, 1, 56, 91, 36, 58, 15, 85, 83, 16, 60, 42, 14, 21, 73, 53, 28, 33, 77, 2, 76, 25, 57, 88, 5, 52, 27, 75, 49, 68, 51, 30, 87, 69, 9, 62, 89, 29, 64, 31, 6, 98, 92, 96, 12, 86, 95, 4, 17, 7, 46, 47, 81, 32, 78, 80, 8, 34, 70, 65, 19, 50, 67, 23, 79, 100, 11, 0, 
Best tour: 0 Run: 1579 Fit: 1140 Time: 35113
0, 54, 3, 26, 61, 18, 10, 63, 48, 35, 45, 44, 82, 59, 39, 20, 24, 55, 74, 38, 66, 22, 40, 72, 71, 93, 94, 97, 84, 13, 37, 43, 90, 99, 41, 1, 56, 91, 36, 58, 15, 85, 83, 16, 60, 42, 14, 21, 73, 53, 67, 33, 77, 2, 76, 25, 57, 88, 5, 52, 27, 75, 49, 68, 51, 30, 87, 69, 9, 62, 89, 29, 64, 31, 6, 98, 92, 96, 12, 86, 95, 4, 17, 7, 46, 47, 81, 32, 78, 80, 8, 34, 70, 65, 19, 50, 28, 23, 79, 100, 11, 0, 
Best tour: 0 Run: 1581 Fit: 1134 Time: 35156
0, 54, 3, 26, 61, 18, 10, 63, 48, 35, 45, 44, 82, 59, 39, 20, 24, 55, 74, 38, 66, 22, 40, 72, 71, 93, 94, 97, 84, 13, 37, 43, 90, 99, 41, 1, 56, 86, 36, 58, 15, 85, 83, 16, 60, 42, 14, 21, 73, 53, 67, 33, 77, 2, 76, 25, 57, 88, 5, 52, 27, 75, 49, 68, 51, 30, 87, 69, 9, 62, 89, 29, 64, 31, 6, 98, 92, 96, 12, 91, 95, 4, 17, 7, 46, 47, 81, 32, 78, 80, 8, 34, 70, 65, 19, 50, 28, 23, 79, 100, 11, 0, 
Best tour: 0 Run: 1604 Fit: 1125 Time: 35665
0, 54, 3, 26, 61, 18, 10, 63, 48, 35, 45, 44, 82, 59, 39, 20, 73, 55, 74, 38, 66, 22, 40, 72, 71, 93, 94, 97, 84, 13, 37, 43, 90, 99, 41, 1, 56, 86, 36, 58, 15, 85, 83, 16, 60, 42, 14, 21, 24, 53, 67, 33, 77, 2, 76, 25, 57, 88, 5, 52, 27, 75, 49, 68, 51, 30, 87, 69, 9, 62, 89, 29, 64, 31, 6, 98, 92, 96, 12, 91, 95, 4, 17, 7, 46, 47, 81, 32, 78, 80, 8, 34, 70, 65, 19, 50, 28, 23, 79, 100, 11, 0, 
Best tour: 0 Run: 1615 Fit: 1121 Time: 35910
0, 54, 3, 26, 61, 18, 10, 63, 48, 35, 45, 44, 82, 59, 39, 20, 73, 55, 74, 38, 66, 22, 40, 72, 71, 93, 94, 97, 84, 13, 37, 43, 90, 99, 41, 1, 56, 86, 36, 58, 15, 85, 83, 16, 60, 42, 14, 21, 24, 53, 23, 33, 77, 2, 76, 25, 57, 88, 5, 52, 27, 75, 49, 68, 51, 30, 87, 69, 9, 62, 89, 29, 64, 31, 6, 98, 92, 96, 12, 91, 95, 4, 17, 7, 46, 47, 81, 32, 78, 80, 8, 34, 70, 65, 19, 50, 28, 67, 79, 100, 11, 0, 
Best tour: 0 Run: 1682 Fit: 1115 Time: 37374
0, 54, 3, 26, 61, 18, 10, 63, 48, 35, 45, 44, 82, 59, 39, 20, 73, 55, 74, 38, 66, 22, 40, 72, 71, 93, 94, 58, 84, 13, 37, 43, 90, 99, 41, 1, 56, 86, 36, 97, 15, 85, 83, 16, 60, 42, 14, 21, 24, 53, 23, 33, 77, 2, 76, 25, 57, 88, 5, 52, 27, 75, 49, 68, 51, 30, 87, 69, 9, 62, 89, 29, 64, 31, 6, 98, 92, 96, 12, 91, 95, 4, 17, 7, 46, 47, 81, 32, 78, 80, 8, 34, 70, 65, 19, 50, 28, 67, 79, 100, 11, 0, 
Best tour: 0 Run: 1710 Fit: 1112 Time: 37982
0, 54, 3, 26, 61, 18, 10, 63, 48, 35, 45, 44, 82, 59, 39, 20, 73, 55, 74, 38, 66, 22, 40, 72, 71, 93, 94, 58, 84, 13, 37, 43, 90, 99, 41, 1, 56, 86, 36, 97, 15, 85, 83, 16, 60, 42, 14, 21, 24, 53, 23, 33, 77, 2, 76, 25, 57, 88, 5, 52, 27, 75, 49, 68, 51, 30, 87, 69, 9, 62, 89, 29, 50, 31, 6, 98, 92, 96, 12, 91, 95, 4, 17, 7, 46, 47, 81, 32, 78, 80, 8, 34, 70, 65, 19, 64, 28, 67, 79, 100, 11, 0, 
Best tour: 0 Run: 1785 Fit: 1108 Time: 39611
0, 54, 3, 26, 61, 18, 10, 63, 48, 35, 45, 44, 82, 59, 39, 20, 73, 55, 74, 38, 66, 22, 40, 72, 71, 93, 94, 58, 84, 13, 37, 43, 90, 99, 41, 1, 56, 86, 36, 97, 15, 85, 83, 16, 60, 42, 14, 21, 24, 53, 23, 33, 77, 2, 76, 25, 57, 88, 5, 52, 27, 75, 49, 68, 51, 30, 87, 69, 9, 62, 89, 29, 50, 31, 81, 98, 92, 96, 12, 91, 95, 4, 17, 7, 46, 47, 6, 32, 78, 80, 64, 34, 70, 65, 19, 8, 28, 67, 79, 100, 11, 0, 
Best tour: 0 Run: 1821 Fit: 1107 Time: 40392
0, 54, 3, 26, 61, 18, 10, 63, 48, 35, 45, 44, 82, 59, 39, 20, 73, 55, 74, 38, 66, 22, 40, 72, 71, 93, 94, 58, 84, 13, 37, 43, 90, 99, 41, 1, 56, 86, 36, 97, 15, 85, 83, 16, 60, 42, 14, 21, 24, 53, 23, 33, 77, 2, 76, 25, 57, 88, 5, 52, 27, 75, 49, 68, 51, 30, 87, 69, 9, 62, 89, 29, 50, 31, 81, 98, 92, 12, 96, 91, 95, 4, 17, 7, 46, 47, 6, 32, 78, 80, 64, 34, 70, 65, 19, 8, 28, 67, 79, 100, 11, 0, 
Best tour: 0 Run: 1832 Fit: 1098 Time: 40632
0, 54, 3, 26, 61, 18, 10, 63, 48, 35, 45, 44, 82, 59, 39, 20, 73, 55, 74, 38, 66, 22, 40, 72, 71, 93, 94, 58, 84, 13, 37, 43, 90, 99, 41, 1, 56, 86, 36, 97, 15, 85, 83, 16, 60, 42, 14, 21, 24, 53, 23, 33, 77, 2, 76, 25, 57, 88, 5, 52, 27, 75, 49, 68, 51, 30, 87, 69, 9, 62, 89, 31, 50, 29, 81, 98, 92, 12, 96, 91, 95, 4, 17, 7, 46, 47, 6, 32, 78, 80, 64, 34, 70, 65, 19, 8, 28, 67, 79, 100, 11, 0, 
Best tour: 0 Run: 1851 Fit: 1094 Time: 41049
0, 54, 3, 26, 61, 18, 10, 63, 48, 35, 45, 44, 82, 59, 39, 20, 73, 55, 74, 38, 66, 22, 21, 72, 71, 93, 94, 58, 84, 13, 37, 43, 90, 99, 41, 1, 56, 86, 36, 97, 15, 85, 83, 16, 60, 42, 14, 40, 24, 53, 23, 33, 77, 2, 76, 25, 57, 88, 5, 52, 27, 75, 49, 68, 51, 30, 87, 69, 9, 62, 89, 31, 50, 29, 81, 98, 92, 12, 96, 91, 95, 4, 17, 7, 46, 47, 6, 32, 78, 80, 64, 34, 70, 65, 19, 8, 28, 67, 79, 100, 11, 0, 
Best tour: 0 Run: 1866 Fit: 1080 Time: 41377
0, 53, 3, 26, 61, 18, 10, 63, 48, 35, 45, 44, 82, 59, 39, 20, 73, 55, 74, 38, 66, 22, 21, 72, 71, 93, 94, 58, 84, 13, 37, 43, 90, 99, 41, 1, 56, 86, 36, 97, 15, 85, 83, 16, 60, 42, 14, 40, 24, 54, 23, 33, 77, 2, 76, 25, 57, 88, 5, 52, 27, 75, 49, 68, 51, 30, 87, 69, 9, 62, 89, 31, 50, 29, 81, 98, 92, 12, 96, 91, 95, 4, 17, 7, 46, 47, 6, 32, 78, 80, 64, 34, 70, 65, 19, 8, 28, 67, 79, 100, 11, 0, 
Best tour: 0 Run: 1869 Fit: 1079 Time: 41442
0, 53, 3, 26, 61, 18, 10, 63, 48, 35, 45, 44, 82, 59, 39, 20, 73, 55, 74, 38, 66, 22, 21, 72, 71, 93, 94, 58, 84, 13, 37, 43, 90, 99, 41, 1, 56, 86, 36, 97, 15, 85, 83, 16, 60, 42, 14, 40, 24, 54, 23, 33, 77, 2, 76, 25, 57, 88, 5, 52, 27, 75, 49, 68, 51, 30, 87, 69, 9, 62, 89, 31, 50, 29, 81, 92, 98, 12, 96, 91, 95, 4, 17, 7, 46, 47, 6, 32, 78, 80, 64, 34, 70, 65, 19, 8, 28, 67, 79, 100, 11, 0, 
Best tour: 0 Run: 1884 Fit: 1074 Time: 41768
0, 53, 3, 26, 61, 18, 10, 63, 48, 35, 45, 44, 82, 59, 39, 20, 73, 55, 74, 38, 66, 22, 21, 72, 71, 93, 94, 58, 84, 13, 37, 43, 90, 99, 41, 1, 56, 86, 36, 97, 15, 85, 83, 16, 60, 42, 14, 40, 24, 54, 23, 33, 77, 2, 76, 25, 57, 88, 5, 52, 27, 75, 49, 68, 51, 30, 87, 69, 9, 62, 89, 31, 50, 29, 81, 92, 98, 12, 96, 91, 95, 4, 17, 7, 46, 47, 6, 32, 78, 80, 70, 34, 64, 65, 19, 8, 28, 67, 79, 100, 11, 0, 
Best tour: 0 Run: 1888 Fit: 1072 Time: 41856
0, 53, 3, 26, 61, 18, 10, 63, 48, 35, 45, 44, 82, 59, 39, 20, 73, 55, 74, 38, 66, 22, 21, 72, 71, 93, 94, 58, 84, 13, 37, 43, 90, 99, 41, 1, 56, 86, 36, 97, 15, 85, 83, 16, 60, 42, 14, 40, 24, 54, 23, 33, 77, 2, 76, 25, 57, 88, 5, 52, 27, 75, 49, 68, 51, 30, 87, 69, 9, 62, 89, 31, 50, 29, 81, 92, 95, 12, 96, 91, 98, 4, 17, 7, 46, 47, 6, 32, 78, 80, 70, 34, 64, 65, 19, 8, 28, 67, 79, 100, 11, 0, 
Best tour: 0 Run: 1957 Fit: 1071 Time: 43351
0, 53, 3, 26, 61, 18, 10, 63, 48, 35, 45, 44, 82, 59, 39, 20, 73, 55, 74, 38, 66, 22, 21, 72, 71, 93, 94, 58, 84, 13, 37, 43, 90, 99, 41, 1, 56, 86, 36, 97, 15, 85, 83, 16, 60, 42, 14, 40, 24, 54, 23, 33, 77, 2, 76, 25, 57, 88, 5, 52, 27, 75, 49, 68, 51, 30, 29, 69, 9, 62, 89, 31, 50, 87, 81, 92, 95, 12, 96, 91, 98, 4, 17, 7, 46, 47, 6, 32, 78, 80, 70, 34, 64, 65, 19, 8, 28, 67, 79, 100, 11, 0, 
Best tour: 0 Run: 1993 Fit: 1067 Time: 44133
0, 53, 3, 26, 61, 18, 10, 63, 48, 35, 45, 44, 82, 59, 39, 20, 73, 55, 74, 38, 66, 22, 21, 72, 71, 93, 94, 58, 84, 13, 37, 43, 90, 99, 41, 56, 1, 86, 36, 97, 15, 85, 83, 16, 60, 42, 14, 40, 24, 54, 23, 33, 77, 2, 76, 25, 57, 88, 5, 52, 27, 75, 49, 68, 51, 30, 29, 69, 9, 62, 89, 31, 50, 87, 81, 92, 95, 12, 96, 91, 98, 4, 17, 7, 46, 47, 6, 32, 78, 80, 70, 34, 64, 65, 19, 8, 28, 67, 79, 100, 11, 0, 
Best tour: 0 Run: 2037 Fit: 1064 Time: 45098
0, 53, 3, 26, 61, 18, 10, 63, 48, 35, 45, 44, 82, 59, 39, 71, 73, 55, 74, 38, 66, 22, 21, 72, 20, 93, 94, 58, 84, 13, 37, 43, 90, 99, 41, 56, 1, 86, 36, 97, 15, 85, 83, 16, 60, 42, 14, 40, 24, 54, 23, 33, 77, 2, 76, 25, 57, 88, 5, 52, 27, 75, 49, 68, 51, 30, 29, 69, 9, 62, 89, 31, 50, 87, 81, 92, 95, 12, 96, 91, 98, 4, 17, 7, 46, 47, 6, 32, 78, 80, 70, 34, 64, 65, 19, 8, 28, 67, 79, 100, 11, 0, 
Best tour: 0 Run: 2061 Fit: 1057 Time: 45619
0, 53, 3, 26, 61, 18, 10, 63, 48, 35, 45, 44, 82, 59, 39, 71, 73, 55, 74, 38, 66, 22, 21, 72, 20, 12, 94, 58, 84, 13, 37, 43, 90, 99, 41, 56, 1, 86, 36, 97, 15, 85, 83, 16, 60, 42, 14, 40, 24, 54, 23, 33, 77, 2, 76, 25, 57, 88, 5, 52, 27, 75, 49, 68, 51, 30, 29, 69, 9, 62, 89, 31, 50, 87, 81, 92, 95, 93, 96, 91, 98, 4, 17, 7, 46, 47, 6, 32, 78, 80, 70, 34, 64, 65, 19, 8, 28, 67, 79, 100, 11, 0, 
Best tour: 0 Run: 2069 Fit: 1056 Time: 45795
0, 53, 3, 26, 61, 18, 10, 63, 48, 35, 45, 44, 82, 59, 39, 72, 73, 55, 74, 38, 66, 22, 21, 71, 20, 12, 94, 58, 84, 13, 37, 43, 90, 99, 41, 56, 1, 86, 36, 97, 15, 85, 83, 16, 60, 42, 14, 40, 24, 54, 23, 33, 77, 2, 76, 25, 57, 88, 5, 52, 27, 75, 49, 68, 51, 30, 29, 69, 9, 62, 89, 31, 50, 87, 81, 92, 95, 93, 96, 91, 98, 4, 17, 7, 46, 47, 6, 32, 78, 80, 70, 34, 64, 65, 19, 8, 28, 67, 79, 100, 11, 0, 
Best tour: 0 Run: 2084 Fit: 1049 Time: 46133
0, 53, 3, 26, 61, 18, 10, 63, 48, 35, 45, 44, 82, 59, 39, 72, 73, 55, 74, 38, 66, 22, 21, 71, 20, 12, 94, 91, 84, 13, 37, 43, 90, 99, 41, 56, 1, 86, 36, 97, 15, 85, 83, 16, 60, 42, 14, 40, 24, 54, 23, 33, 77, 2, 76, 25, 57, 88, 5, 52, 27, 75, 49, 68, 51, 30, 29, 69, 9, 62, 89, 31, 19, 87, 81, 92, 95, 93, 96, 58, 98, 4, 17, 7, 46, 47, 6, 32, 78, 80, 70, 34, 64, 65, 50, 8, 28, 67, 79, 100, 11, 0, 
Best tour: 0 Run: 2646 Fit: 1043 Time: 58431
0, 53, 3, 26, 87, 18, 10, 63, 48, 35, 45, 44, 82, 59, 39, 72, 73, 55, 74, 38, 66, 22, 21, 71, 20, 12, 94, 91, 84, 43, 37, 13, 90, 99, 41, 56, 1, 86, 36, 97, 15, 60, 83, 16, 85, 42, 14, 40, 24, 54, 23, 33, 77, 2, 76, 25, 57, 88, 5, 52, 27, 75, 49, 68, 51, 30, 29, 69, 9, 62, 89, 31, 19, 61, 81, 92, 95, 93, 96, 58, 98, 4, 17, 7, 46, 47, 6, 32, 78, 80, 70, 34, 64, 65, 50, 8, 28, 67, 79, 100, 11, 0, 
Best tour: 0 Run: 2680 Fit: 1040 Time: 59172
0, 53, 3, 26, 87, 18, 10, 63, 48, 35, 45, 44, 82, 17, 39, 72, 73, 55, 74, 38, 66, 22, 21, 71, 20, 12, 94, 91, 84, 43, 37, 13, 90, 99, 41, 56, 1, 86, 36, 97, 15, 60, 83, 16, 85, 42, 14, 40, 24, 54, 23, 33, 77, 2, 76, 25, 57, 88, 5, 52, 27, 75, 49, 68, 51, 30, 29, 69, 9, 62, 89, 31, 19, 61, 81, 92, 95, 93, 96, 58, 98, 4, 59, 7, 46, 47, 6, 32, 78, 80, 70, 34, 64, 65, 50, 8, 28, 67, 79, 100, 11, 0, 
Best tour: 0 Run: 3112 Fit: 1038 Time: 68684
0, 53, 3, 26, 87, 18, 10, 63, 48, 35, 45, 44, 82, 17, 39, 72, 73, 55, 74, 38, 66, 22, 21, 71, 20, 12, 94, 91, 84, 43, 37, 13, 90, 99, 41, 56, 1, 86, 36, 97, 15, 60, 83, 16, 85, 42, 14, 40, 24, 54, 23, 33, 77, 2, 76, 25, 57, 88, 5, 52, 27, 75, 49, 68, 51, 30, 29, 69, 9, 62, 89, 31, 19, 61, 81, 92, 95, 93, 96, 58, 98, 4, 59, 7, 46, 47, 6, 32, 78, 80, 50, 34, 64, 65, 70, 8, 28, 67, 79, 100, 11, 0, 
Best tour: 0 Run: 3200 Fit: 1037 Time: 70599
0, 53, 3, 26, 87, 18, 10, 63, 48, 35, 45, 44, 82, 17, 39, 72, 73, 55, 74, 38, 66, 22, 21, 71, 20, 12, 94, 91, 97, 43, 37, 13, 90, 99, 41, 56, 1, 86, 36, 84, 15, 60, 83, 16, 85, 42, 14, 40, 24, 54, 23, 33, 77, 2, 76, 25, 57, 88, 5, 52, 27, 75, 49, 68, 51, 30, 29, 69, 9, 62, 89, 31, 19, 61, 81, 92, 95, 93, 96, 58, 98, 4, 59, 7, 46, 47, 6, 32, 78, 80, 50, 34, 64, 65, 70, 8, 28, 67, 79, 100, 11, 0, 
Best tour: 0 Run: 3269 Fit: 1035 Time: 72120
0, 53, 3, 26, 87, 18, 10, 63, 48, 35, 45, 44, 82, 17, 39, 72, 73, 55, 74, 38, 66, 22, 21, 71, 20, 12, 94, 91, 97, 13, 37, 43, 90, 99, 41, 56, 1, 86, 36, 84, 15, 60, 83, 16, 85, 42, 14, 40, 24, 54, 23, 33, 77, 2, 76, 25, 57, 88, 5, 52, 27, 75, 49, 68, 51, 30, 29, 69, 9, 62, 89, 31, 19, 61, 81, 92, 95, 93, 96, 58, 98, 4, 59, 7, 46, 47, 6, 32, 78, 80, 50, 34, 64, 65, 70, 8, 28, 67, 79, 100, 11, 0, 
Best tour: 0 Run: 3312 Fit: 1029 Time: 73073
0, 53, 3, 26, 87, 18, 10, 63, 48, 35, 45, 44, 82, 17, 39, 72, 73, 55, 74, 38, 66, 22, 21, 71, 20, 12, 94, 91, 97, 13, 37, 43, 90, 99, 41, 56, 1, 86, 36, 84, 15, 60, 83, 16, 85, 42, 14, 40, 24, 54, 23, 28, 77, 2, 76, 25, 57, 88, 5, 52, 27, 75, 49, 68, 51, 30, 29, 69, 9, 62, 89, 31, 19, 61, 81, 92, 95, 93, 96, 58, 98, 4, 59, 7, 46, 47, 6, 32, 78, 80, 50, 34, 64, 65, 70, 8, 33, 67, 79, 100, 11, 0, 
Best tour: 0 Run: 3389 Fit: 1021 Time: 74758
0, 53, 3, 26, 87, 18, 10, 63, 48, 35, 45, 44, 82, 17, 39, 72, 73, 74, 55, 38, 66, 22, 21, 71, 20, 12, 94, 91, 97, 13, 37, 43, 90, 99, 41, 56, 1, 86, 36, 84, 15, 60, 83, 16, 85, 42, 14, 40, 24, 54, 23, 28, 77, 2, 76, 25, 57, 88, 5, 52, 27, 75, 49, 68, 51, 30, 29, 69, 9, 62, 89, 31, 19, 61, 81, 92, 95, 93, 96, 58, 98, 4, 59, 7, 46, 47, 6, 32, 78, 80, 50, 34, 64, 65, 70, 8, 33, 67, 79, 100, 11, 0, 
Best tour: 0 Run: 3482 Fit: 1019 Time: 76801
0, 53, 3, 26, 87, 18, 10, 63, 48, 35, 45, 44, 82, 17, 39, 20, 73, 74, 55, 38, 66, 22, 21, 71, 72, 12, 94, 91, 97, 13, 37, 43, 90, 99, 41, 56, 1, 86, 36, 84, 15, 60, 83, 16, 85, 42, 14, 40, 24, 54, 23, 28, 77, 2, 76, 25, 57, 88, 5, 52, 27, 75, 49, 68, 51, 30, 29, 69, 9, 62, 89, 31, 19, 61, 81, 4, 95, 93, 96, 58, 98, 92, 59, 7, 46, 47, 6, 32, 78, 80, 50, 34, 64, 65, 70, 8, 33, 67, 79, 100, 11, 0, 
Best tour: 0 Run: 3713 Fit: 1014 Time: 81849
0, 53, 3, 26, 87, 18, 10, 63, 48, 35, 45, 44, 82, 17, 39, 20, 73, 74, 55, 38, 66, 22, 21, 71, 72, 12, 94, 91, 97, 13, 37, 43, 90, 99, 41, 56, 1, 86, 36, 84, 15, 60, 83, 16, 85, 42, 14, 40, 24, 54, 23, 28, 77, 2, 76, 25, 57, 88, 5, 52, 27, 75, 49, 68, 51, 30, 29, 69, 9, 62, 89, 31, 19, 61, 81, 4, 95, 93, 96, 58, 98, 92, 59, 7, 46, 47, 6, 32, 78, 80, 50, 8, 64, 65, 70, 34, 33, 67, 79, 100, 11, 0, 
Best tour: 0 Run: 3963 Fit: 1013 Time: 87497
0, 53, 3, 26, 87, 18, 10, 63, 48, 35, 45, 44, 82, 17, 39, 20, 73, 74, 55, 38, 66, 22, 21, 71, 72, 12, 93, 96, 97, 13, 37, 43, 90, 99, 41, 56, 1, 86, 36, 84, 15, 60, 83, 16, 85, 42, 14, 40, 24, 54, 23, 28, 77, 2, 76, 25, 57, 88, 5, 52, 27, 75, 49, 68, 51, 30, 29, 69, 9, 62, 89, 31, 19, 61, 81, 4, 95, 94, 91, 58, 98, 92, 59, 7, 46, 47, 6, 32, 78, 80, 50, 8, 64, 65, 70, 34, 33, 67, 79, 100, 11, 0, 
Best tour: 3 Run: 4205 Fit: 1011 Time: 92813
0, 2, 76, 67, 28, 23, 54, 24, 55, 40, 21, 73, 71, 74, 20, 72, 57, 93, 83, 15, 85, 90, 36, 99, 84, 16, 44, 81, 18, 10, 62, 29, 69, 30, 51, 26, 52, 25, 27, 49, 75, 11, 12, 94, 98, 95, 5, 88, 68, 82, 59, 4, 60, 43, 13, 37, 35, 48, 63, 50, 79, 53, 3, 38, 66, 22, 14, 42, 41, 91, 58, 92, 97, 86, 96, 56, 1, 39, 78, 77, 33, 80, 32, 8, 70, 34, 64, 65, 19, 31, 89, 9, 6, 47, 46, 45, 7, 17, 87, 61, 100, 0, 
Best tour: 3 Run: 4311 Fit: 1000 Time: 95109
0, 2, 76, 67, 28, 23, 54, 24, 55, 40, 21, 73, 71, 74, 20, 72, 57, 93, 83, 15, 85, 90, 36, 99, 84, 16, 44, 81, 18, 10, 62, 29, 69, 30, 51, 26, 52, 25, 27, 49, 75, 11, 12, 94, 98, 95, 5, 88, 17, 82, 59, 4, 60, 43, 13, 37, 35, 48, 63, 50, 79, 53, 3, 38, 66, 22, 14, 42, 41, 91, 58, 92, 97, 86, 96, 56, 1, 39, 78, 77, 33, 80, 32, 8, 70, 34, 64, 65, 19, 31, 89, 9, 6, 47, 46, 45, 7, 68, 87, 61, 100, 0, 
Best tour: 3 Run: 4348 Fit: 998 Time: 95917
0, 2, 76, 67, 28, 23, 54, 24, 55, 40, 21, 73, 71, 74, 20, 72, 57, 93, 4, 15, 85, 90, 36, 99, 84, 16, 44, 81, 18, 10, 62, 29, 69, 30, 51, 26, 52, 25, 27, 49, 75, 11, 12, 94, 98, 95, 5, 88, 17, 82, 59, 83, 60, 43, 13, 37, 35, 48, 63, 50, 79, 53, 3, 38, 66, 22, 14, 42, 41, 91, 58, 92, 97, 86, 96, 56, 1, 39, 78, 77, 33, 80, 32, 8, 70, 34, 64, 65, 19, 31, 89, 9, 6, 47, 46, 45, 7, 68, 87, 61, 100, 0, 
Best tour: 3 Run: 4473 Fit: 997 Time: 98627
0, 2, 76, 67, 28, 23, 54, 24, 55, 40, 21, 73, 71, 74, 20, 72, 12, 93, 4, 15, 85, 90, 36, 99, 84, 16, 44, 81, 18, 10, 62, 29, 69, 30, 51, 26, 52, 25, 27, 49, 75, 11, 57, 94, 98, 95, 5, 88, 17, 82, 59, 83, 60, 43, 13, 37, 35, 48, 63, 50, 79, 53, 3, 38, 66, 22, 14, 42, 41, 91, 58, 92, 97, 86, 96, 56, 1, 39, 78, 77, 33, 80, 32, 8, 70, 34, 64, 65, 19, 31, 89, 9, 6, 47, 46, 45, 7, 68, 87, 61, 100, 0, 
Best tour: 3 Run: 4640 Fit: 996 Time: 102294
0, 2, 76, 67, 28, 23, 54, 24, 55, 40, 21, 73, 71, 74, 20, 72, 12, 93, 4, 15, 60, 90, 36, 99, 84, 16, 44, 81, 18, 10, 62, 29, 69, 30, 51, 26, 52, 25, 27, 49, 75, 11, 57, 94, 98, 95, 5, 88, 17, 82, 59, 83, 85, 43, 13, 37, 35, 48, 63, 50, 79, 53, 3, 38, 66, 22, 14, 42, 41, 91, 58, 92, 97, 86, 96, 56, 1, 39, 78, 77, 33, 80, 32, 8, 70, 34, 64, 65, 19, 31, 89, 9, 6, 47, 46, 45, 7, 68, 87, 61, 100, 0, 
Best tour: 3 Run: 4666 Fit: 992 Time: 102857
0, 2, 76, 67, 28, 23, 54, 24, 55, 40, 21, 73, 71, 74, 20, 72, 12, 93, 4, 83, 60, 90, 36, 99, 84, 16, 44, 81, 18, 10, 62, 29, 69, 30, 51, 26, 52, 25, 27, 49, 75, 11, 57, 94, 98, 95, 5, 88, 17, 82, 59, 15, 85, 43, 13, 37, 35, 48, 63, 50, 79, 53, 3, 38, 66, 22, 14, 42, 41, 91, 58, 92, 97, 86, 96, 56, 1, 39, 78, 77, 33, 80, 32, 8, 70, 34, 64, 65, 19, 31, 89, 9, 6, 47, 46, 45, 7, 68, 87, 61, 100, 0, 
Best tour: 3 Run: 4698 Fit: 989 Time: 103549
0, 2, 76, 67, 28, 23, 54, 24, 55, 40, 21, 73, 71, 74, 20, 72, 12, 93, 4, 83, 60, 90, 36, 99, 84, 16, 44, 81, 18, 10, 62, 29, 69, 30, 51, 26, 52, 25, 11, 49, 75, 27, 57, 94, 98, 95, 5, 88, 17, 82, 59, 15, 85, 43, 13, 37, 35, 48, 63, 50, 79, 53, 3, 38, 66, 22, 14, 42, 41, 91, 58, 92, 97, 86, 96, 56, 1, 39, 78, 77, 33, 80, 32, 8, 70, 34, 64, 65, 19, 31, 89, 9, 6, 47, 46, 45, 7, 68, 87, 61, 100, 0, 
Best tour: 3 Run: 4831 Fit: 986 Time: 106441
0, 2, 76, 67, 28, 23, 54, 24, 55, 40, 21, 73, 71, 74, 20, 72, 12, 93, 4, 83, 60, 90, 36, 99, 84, 16, 44, 7, 18, 10, 62, 29, 69, 30, 51, 26, 52, 25, 11, 49, 75, 27, 57, 94, 98, 95, 5, 88, 17, 82, 59, 15, 85, 43, 13, 37, 35, 48, 63, 50, 79, 53, 3, 38, 66, 22, 14, 42, 41, 91, 58, 92, 97, 86, 96, 56, 1, 39, 78, 77, 33, 80, 32, 8, 70, 34, 64, 65, 19, 31, 89, 9, 6, 47, 46, 45, 81, 68, 87, 61, 100, 0, 
Best tour: 3 Run: 4840 Fit: 970 Time: 106637
0, 2, 76, 67, 28, 23, 54, 24, 55, 40, 21, 73, 71, 74, 20, 72, 12, 93, 4, 83, 60, 90, 36, 99, 84, 16, 44, 7, 18, 10, 62, 29, 69, 30, 68, 26, 52, 25, 11, 49, 75, 27, 57, 94, 98, 95, 5, 88, 17, 82, 59, 15, 85, 43, 13, 37, 35, 48, 63, 50, 79, 53, 3, 38, 66, 22, 14, 42, 41, 91, 58, 92, 97, 86, 96, 56, 1, 39, 78, 77, 33, 80, 32, 8, 70, 34, 64, 65, 19, 31, 89, 9, 6, 47, 46, 45, 81, 51, 87, 61, 100, 0, 
Best tour: 3 Run: 5013 Fit: 967 Time: 110393
0, 2, 76, 67, 28, 23, 54, 24, 55, 40, 21, 73, 71, 74, 20, 72, 12, 93, 4, 83, 60, 90, 36, 99, 84, 16, 44, 7, 18, 10, 62, 29, 69, 30, 68, 26, 52, 25, 11, 49, 75, 27, 57, 94, 98, 95, 5, 88, 17, 82, 59, 15, 85, 37, 13, 43, 35, 48, 63, 50, 79, 53, 3, 38, 66, 22, 14, 42, 41, 91, 58, 92, 97, 86, 96, 56, 1, 39, 78, 77, 33, 80, 32, 8, 70, 34, 64, 65, 19, 31, 89, 9, 6, 47, 46, 45, 81, 51, 87, 61, 100, 0, 
Best tour: 3 Run: 5293 Fit: 966 Time: 116471
0, 2, 76, 67, 28, 23, 54, 24, 55, 40, 21, 73, 71, 74, 20, 72, 12, 93, 4, 83, 60, 90, 97, 99, 84, 16, 44, 7, 18, 10, 62, 29, 69, 30, 68, 26, 52, 25, 11, 49, 75, 27, 57, 94, 98, 95, 5, 88, 17, 82, 59, 15, 85, 37, 13, 43, 35, 48, 63, 50, 79, 53, 3, 38, 66, 22, 14, 42, 41, 91, 58, 92, 36, 86, 96, 56, 1, 39, 78, 77, 33, 80, 32, 8, 34, 70, 64, 65, 19, 31, 89, 9, 6, 47, 46, 45, 81, 51, 87, 61, 100, 0, 
Best tour: 3 Run: 5330 Fit: 964 Time: 117278
0, 2, 76, 67, 28, 23, 54, 24, 55, 40, 21, 73, 71, 74, 20, 72, 12, 93, 4, 83, 60, 90, 97, 99, 84, 16, 44, 7, 18, 10, 62, 29, 69, 30, 68, 26, 27, 25, 11, 49, 75, 52, 57, 94, 98, 95, 5, 88, 17, 82, 59, 15, 85, 37, 13, 43, 35, 48, 63, 50, 79, 53, 3, 38, 66, 22, 14, 42, 41, 91, 58, 92, 36, 86, 96, 56, 1, 39, 78, 77, 33, 80, 32, 8, 34, 70, 64, 65, 19, 31, 89, 9, 6, 47, 46, 45, 81, 51, 87, 61, 100, 0, 
Best tour: 3 Run: 5380 Fit: 956 Time: 118358
0, 2, 76, 67, 28, 23, 54, 24, 55, 40, 21, 73, 71, 74, 20, 72, 12, 93, 4, 83, 60, 90, 97, 99, 84, 16, 44, 7, 18, 10, 62, 29, 69, 30, 68, 26, 27, 25, 11, 49, 75, 52, 57, 94, 98, 95, 5, 88, 17, 82, 59, 15, 85, 37, 13, 43, 35, 48, 63, 50, 79, 53, 3, 38, 66, 22, 14, 42, 41, 91, 58, 92, 36, 96, 86, 56, 1, 39, 78, 77, 33, 80, 32, 8, 34, 70, 64, 65, 19, 31, 89, 9, 6, 47, 46, 45, 81, 51, 87, 61, 100, 0, 
Best tour: 3 Run: 5528 Fit: 954 Time: 121566
0, 2, 76, 67, 28, 23, 54, 24, 55, 40, 21, 73, 71, 74, 20, 72, 12, 93, 4, 83, 60, 90, 97, 99, 84, 16, 44, 7, 18, 10, 62, 29, 69, 30, 68, 26, 27, 25, 11, 75, 49, 52, 57, 94, 98, 95, 5, 88, 17, 82, 59, 15, 85, 37, 13, 43, 35, 48, 63, 50, 79, 53, 3, 38, 66, 22, 14, 42, 41, 91, 58, 92, 36, 96, 86, 56, 1, 39, 78, 77, 33, 80, 32, 8, 34, 70, 64, 65, 19, 31, 89, 9, 6, 47, 46, 45, 81, 51, 87, 61, 100, 0, 
Best tour: 3 Run: 5580 Fit: 951 Time: 122745
0, 2, 76, 67, 28, 23, 54, 24, 55, 40, 21, 73, 71, 74, 20, 72, 12, 93, 4, 83, 60, 90, 99, 97, 84, 16, 44, 7, 18, 10, 62, 29, 69, 30, 68, 26, 27, 25, 11, 75, 49, 52, 57, 94, 98, 95, 5, 88, 17, 82, 59, 15, 85, 37, 13, 43, 35, 48, 63, 50, 79, 53, 3, 38, 66, 22, 14, 42, 41, 91, 58, 92, 36, 96, 86, 56, 1, 39, 78, 77, 33, 80, 32, 8, 34, 70, 64, 65, 19, 31, 89, 9, 6, 47, 46, 45, 81, 51, 87, 61, 100, 0, 
Best tour: 3 Run: 6342 Fit: 946 Time: 139674
0, 2, 76, 67, 28, 23, 54, 24, 55, 40, 21, 73, 74, 71, 20, 72, 12, 93, 4, 83, 60, 90, 99, 97, 84, 16, 44, 7, 18, 10, 62, 29, 69, 30, 68, 26, 27, 25, 11, 75, 49, 52, 57, 94, 98, 95, 5, 88, 17, 82, 59, 15, 85, 37, 13, 43, 35, 48, 63, 50, 79, 53, 3, 38, 66, 22, 14, 42, 41, 91, 58, 92, 36, 96, 86, 56, 1, 39, 78, 77, 33, 80, 32, 8, 34, 70, 64, 65, 19, 31, 89, 9, 6, 47, 46, 45, 81, 51, 87, 61, 100, 0, 
Best tour: 3 Run: 6430 Fit: 945 Time: 141693
0, 2, 76, 67, 28, 23, 54, 24, 55, 40, 21, 74, 73, 71, 20, 72, 12, 93, 4, 83, 60, 90, 99, 97, 84, 16, 44, 7, 18, 10, 62, 29, 69, 30, 68, 26, 27, 25, 11, 75, 49, 52, 57, 94, 98, 95, 5, 88, 17, 82, 59, 15, 85, 37, 13, 43, 35, 48, 63, 50, 79, 53, 3, 38, 66, 22, 14, 42, 41, 91, 58, 92, 36, 96, 86, 56, 1, 39, 78, 77, 33, 80, 32, 8, 34, 70, 64, 65, 19, 31, 89, 9, 6, 47, 46, 45, 81, 51, 87, 61, 100, 0, 
Best tour: 3 Run: 6516 Fit: 940 Time: 143669
0, 2, 76, 67, 28, 23, 54, 24, 55, 74, 21, 40, 73, 71, 20, 72, 12, 93, 4, 83, 60, 90, 99, 97, 84, 16, 44, 7, 18, 10, 62, 29, 69, 30, 68, 26, 27, 25, 11, 75, 49, 52, 57, 94, 98, 95, 5, 88, 17, 82, 59, 15, 85, 37, 13, 43, 35, 48, 63, 50, 79, 53, 3, 38, 66, 22, 14, 42, 41, 91, 58, 92, 36, 96, 86, 56, 1, 39, 78, 77, 33, 80, 32, 8, 34, 70, 64, 65, 19, 31, 89, 9, 6, 47, 46, 45, 81, 51, 87, 61, 100, 0, 
Best tour: 3 Run: 6921 Fit: 939 Time: 153070
0, 2, 76, 67, 28, 23, 54, 24, 55, 74, 21, 40, 73, 71, 72, 20, 12, 93, 4, 83, 60, 90, 99, 97, 84, 16, 44, 7, 18, 10, 62, 29, 69, 30, 68, 26, 27, 25, 11, 75, 49, 52, 57, 94, 98, 95, 5, 88, 17, 82, 59, 15, 85, 37, 13, 43, 35, 48, 63, 50, 79, 53, 3, 38, 66, 22, 14, 42, 41, 91, 58, 92, 36, 96, 86, 56, 1, 39, 78, 77, 33, 80, 32, 8, 34, 70, 64, 65, 19, 31, 89, 9, 6, 47, 46, 45, 81, 51, 87, 61, 100, 0, 
Best tour: 3 Run: 7223 Fit: 937 Time: 159764
0, 2, 76, 67, 28, 23, 54, 24, 55, 74, 21, 40, 73, 71, 72, 20, 57, 93, 4, 83, 60, 90, 99, 97, 84, 16, 44, 7, 18, 10, 62, 29, 69, 30, 68, 26, 27, 25, 11, 75, 49, 52, 12, 94, 98, 95, 5, 88, 17, 82, 59, 15, 85, 37, 13, 43, 35, 48, 63, 50, 79, 53, 3, 38, 66, 22, 14, 42, 41, 91, 58, 92, 36, 96, 86, 56, 1, 39, 78, 77, 33, 80, 32, 8, 34, 70, 64, 65, 19, 31, 89, 9, 6, 47, 46, 45, 81, 51, 87, 61, 100, 0, 
Best tour: 3 Run: 9122 Fit: 936 Time: 201948
0, 2, 76, 67, 28, 23, 54, 24, 55, 74, 21, 40, 73, 71, 72, 20, 57, 93, 4, 83, 60, 90, 99, 97, 84, 16, 44, 7, 18, 10, 62, 29, 69, 30, 68, 26, 27, 25, 11, 75, 49, 52, 12, 94, 98, 95, 5, 88, 17, 82, 59, 15, 85, 37, 13, 43, 35, 48, 63, 50, 79, 53, 3, 38, 66, 22, 14, 42, 41, 36, 58, 92, 91, 96, 86, 56, 1, 39, 78, 77, 33, 80, 32, 8, 34, 70, 64, 65, 19, 31, 89, 9, 6, 47, 46, 45, 81, 51, 87, 61, 100, 0, 
Best tour: 16 Run: 9467 Fit: 928 Time: 210257
0, 19, 31, 89, 29, 50, 8, 34, 70, 64, 65, 62, 63, 48, 35, 45, 44, 16, 84, 97, 36, 99, 90, 43, 85, 37, 13, 41, 14, 42, 56, 1, 40, 21, 72, 20, 25, 39, 57, 12, 96, 91, 58, 95, 94, 5, 88, 75, 76, 67, 79, 11, 93, 98, 92, 82, 6, 61, 87, 30, 68, 53, 54, 24, 38, 66, 22, 74, 73, 71, 55, 3, 23, 78, 80, 32, 69, 9, 10, 18, 46, 47, 81, 7, 83, 15, 60, 4, 59, 17, 51, 49, 77, 33, 28, 2, 27, 26, 52, 100, 86, 0, 
Best tour: 16 Run: 9585 Fit: 920 Time: 213213
0, 19, 31, 89, 29, 50, 8, 34, 70, 64, 65, 62, 63, 48, 35, 45, 44, 16, 84, 97, 36, 99, 90, 43, 85, 37, 13, 41, 14, 42, 56, 1, 40, 21, 72, 20, 25, 39, 57, 12, 96, 91, 58, 95, 94, 5, 88, 75, 76, 67, 79, 11, 93, 98, 92, 82, 6, 61, 87, 30, 68, 53, 54, 24, 38, 66, 22, 74, 73, 71, 55, 3, 23, 28, 80, 32, 69, 9, 10, 18, 46, 47, 81, 7, 83, 15, 60, 4, 59, 17, 51, 49, 77, 33, 78, 2, 27, 26, 52, 100, 86, 0, 
Best tour: 16 Run: 9622 Fit: 915 Time: 214046
0, 29, 31, 89, 19, 50, 8, 34, 70, 64, 65, 62, 63, 48, 35, 45, 44, 16, 84, 97, 36, 99, 90, 43, 85, 37, 13, 41, 14, 42, 56, 1, 40, 21, 72, 20, 25, 39, 57, 12, 96, 91, 58, 95, 94, 5, 88, 75, 76, 67, 79, 11, 93, 98, 92, 82, 6, 61, 87, 30, 68, 53, 54, 24, 38, 66, 22, 74, 73, 71, 55, 3, 23, 28, 80, 32, 69, 9, 10, 18, 46, 47, 81, 7, 83, 15, 60, 4, 59, 17, 51, 49, 77, 33, 78, 2, 27, 26, 52, 100, 86, 0, 
