0 41 49
1 37 47
2 35 40
3 25 24
4 22 22
5 19 21
6 15 19
7 18 18
8 20 20
9 55 45
10 57 48
11 61 52
12 65 55
13 53 52
14 55 54
15 40 60
16 37 56
17 24 58
18 15 60
19 20 65
20 15 77
21 6 68
22 15 47
23 18 24
24 16 22
25 12 24
26 2 48
27 2 60
28 8 56
29 13 52
30 20 50
31 27 43
32 26 52
33 31 52
34 30 60
35 27 69
36 31 67
37 35 69
38 49 73
39 45 65
40 49 58
41 55 60
42 57 68
43 62 77
44 63 65
45 64 42
46 65 35
47 57 29
48 44 17
49 35 17
50 32 12
51 24 12
52 15 10
53 5 5
54 11 14
55 10 20
56 4 18
57 5 30
58 6 38
59 10 43
60 20 40
61 41 37
62 45 20
63 47 16
64 46 13
65 45 10
66 42 7
67 30 5
68 23 3
69 28 18
70 45 30
71 56 39
72 56 37
73 63 23
74 65 20
75 67 5
76 55 5
77 49 11
78 53 12
79 60 12
80 55 20
81 25 21
82 25 30
83 22 27
84 20 26
85 21 24
86 30 25
87 50 35
88 53 43
89 49 42
90 47 47
91 14 37
92 11 31
93 15 30
94 17 34
95 26 35
96 36 26
97 40 25
98 37 31
99 35 35
100 26 27
101 41 49
