0 41 49
1 41 37
2 26 52
3 24 58
4 30 60
5 27 69
6 31 67
7 35 69
8 37 56
9 37 47
10 35 40
11 35 35
12 53 52
13 55 54
14 63 65
15 57 68
16 62 77
17 49 73
18 13 52
19 15 60
20 20 65
21 15 77
22 6 68
23 2 60
24 8 56
25 2 48
26 6 38
27 11 31
28 5 30
29 4 18
30 5 5
31 23 3
32 30 5
33 42 7
34 49 11
35 53 12
36 60 12
37 67 5
38 55 5
39 35 17
40 28 18
41 14 37
42 17 34
43 15 30
44 10 20
45 11 14
46 15 10
47 20 20
48 26 27
49 25 30
50 20 40
51 10 43
52 15 47
53 20 50
54 27 43
55 37 31
56 45 30
57 57 29
58 45 20
59 44 17
60 40 25
61 36 26
62 30 25
63 21 24
64 18 24
65 12 24
66 15 19
67 18 18
68 19 21
69 20 26
70 22 27
71 26 35
72 31 52
73 40 60
74 45 65
75 49 58
76 47 47
77 49 42
78 53 43
79 55 45
80 57 48
81 61 52
82 64 42
83 56 39
84 56 37
85 50 35
86 25 24
87 22 22
88 25 21
89 24 12
90 32 12
91 45 10
92 46 13
93 47 16
94 55 20
95 65 20
96 63 23
97 65 35
98 65 55
99 55 60
100 16 22
101 41 49
